0.01	-1.5	0	0	0
0.01	-1.49	0	0	0
0.01	-1.48	0	0	0
0.01	-1.47	0	0	0
0.01	-1.46	0	0	0
0.01	-1.45	0	0	0
0.01	-1.44	0	0	0
0.01	-1.43	0	0	0
0.01	-1.42	0	0	0
0.01	-1.41	0	0	0
0.01	-1.4	0	0	0
0.01	-1.39	0	0	0
0.01	-1.38	0	0	0
0.01	-1.37	0	0	0
0.01	-1.3599999999999999	0	0	0
0.01	-1.35	0	0	0
0.01	-1.34	0	0	0
0.01	-1.33	0	0	0
0.01	-1.32	0	0	0
0.01	-1.31	0	0	0
0.01	-1.3	0	0	0
0.01	-1.29	0	0	0
0.01	-1.28	0	0	0
0.01	-1.27	0	0	0
0.01	-1.26	0	0	0
0.01	-1.25	0	0	0
0.01	-1.24	0	0	0
0.01	-1.23	0	0	0
0.01	-1.22	0	0	0
0.01	-1.21	0	0	0
0.01	-1.2	0	0	0
0.01	-1.19	0	0	0
0.01	-1.18	0	0	0
0.01	-1.17	0	0	0
0.01	-1.16	0	0	0
0.01	-1.15	0	0	0
0.01	-1.1400000000000001	0	0	0
0.01	-1.13	0	0	0
0.01	-1.12	0	0	0
0.01	-1.1099999999999999	0	0	0
0.01	-1.1	0	0	0
0.01	-1.0899999999999999	0	0	0
0.01	-1.08	0	0	0
0.01	-1.07	0	0	0
0.01	-1.06	0	0	0
0.01	-1.05	0	0	0
0.01	-1.04	0	0	0
0.01	-1.03	0	0	0
0.01	-1.02	0	0	0
0.01	-1.01	0	0	0
0.01	-1.	0	0	0
0.01	-0.99	0	0	0
0.01	-0.98	0	0	0
0.01	-0.97	0	0	0
0.01	-0.96	0	0	0
0.01	-0.95	0	0	0
0.01	-0.94	0	0	0
0.01	-0.9299999999999999	0	0	0
0.01	-0.92	0	0	0
0.01	-0.91	0	0	0
0.01	-0.9	0	0	0
0.01	-0.89	0	0	0
0.01	-0.88	0	0	0
0.01	-0.87	0	0	0
0.01	-0.86	0	0	0
0.01	-0.85	0	0	0
0.01	-0.84	0	0	0
0.01	-0.83	0	0	0
0.01	-0.82	0	0	0
0.01	-0.8099999999999999	0	0	0
0.01	-0.7999999999999999	0	0	0
0.01	-0.79	0	0	0
0.01	-0.78	0	0	0
0.01	-0.77	0	0	0
0.01	-0.76	0	0	0
0.01	-0.75	0	0	0
0.01	-0.74	0	0	0
0.01	-0.73	0	0	0
0.01	-0.72	0	0	0
0.01	-0.71	0	0	0
0.01	-0.7	0	0	0
0.01	-0.69	0	0	0
0.01	-0.6799999999999999	0	0	0
0.01	-0.6699999999999999	0	0	0
0.01	-0.66	0	0	0
0.01	-0.65	0	0	0
0.01	-0.64	0	0	0
0.01	-0.63	0	0	0
0.01	-0.62	0	0	0
0.01	-0.61	0	0	0
0.01	-0.6	0	0	0
0.01	-0.59	0	0	0
0.01	-0.58	0	0	0
0.01	-0.57	0	0	0
0.01	-0.5599999999999999	0	0	0
0.01	-0.5499999999999999	0	0	0
0.01	-0.54	0	0	0
0.01	-0.53	0	0	0
0.01	-0.52	0	0	0
0.01	-0.51	0	0	0
0.01	-0.5	0	0	0
0.01	-0.49	0	0	0
0.01	-0.48	0	0	0
0.01	-0.47	0	0	0
0.01	-0.45999999999999996	0	0	0
0.01	-0.44999999999999996	0	0	0
0.01	-0.43999999999999995	0	0	0
0.01	-0.42999999999999994	0	0	0
0.01	-0.41999999999999993	0	0	0
0.01	-0.4099999999999999	0	0	0
0.01	-0.3999999999999999	0	0	0
0.01	-0.3899999999999999	0	0	0
0.01	-0.3799999999999999	0	0	0
0.01	-0.3699999999999999	0	0	0
0.01	-0.3599999999999999	0	0	0
0.01	-0.34999999999999987	0	0	0
0.01	-0.3400000000000001	0	0	0
0.01	-0.33000000000000007	0	0	0
0.01	-0.32000000000000006	0	0	0
0.01	-0.31000000000000005	0	0	0
0.01	-0.30000000000000004	0	0	0
0.01	-0.29000000000000004	0	0	0
0.01	-0.28	0	0	0
0.01	-0.27	0	0	0
0.01	-0.26	0	0	0
0.01	-0.25	0	0	0
0.01	-0.24	0	0	0
0.01	-0.22999999999999998	0	0	0
0.01	-0.21999999999999997	0	0	0
0.01	-0.20999999999999996	0	0	0
0.01	-0.19999999999999996	0	0	0
0.01	-0.18999999999999995	0	0	0
0.01	-0.17999999999999994	0	0	0
0.01	-0.16999999999999993	0	0	0
0.01	-0.15999999999999992	0	0	0
0.01	-0.1499999999999999	0	0	0
0.01	-0.1399999999999999	0	0	0
0.01	-0.1299999999999999	0	0	0
0.01	-0.11999999999999988	0	0	0
0.01	-0.10999999999999988	0	0	0
0.01	-0.09999999999999987	0	0	0
0.01	-0.09000000000000008	0	0	0
0.01	-0.08000000000000007	0	0	0
0.01	-0.07000000000000006	0	0	0
0.01	-0.06000000000000005	0	0	0
0.01	-0.050000000000000044	1	4.1336449326155755e25	2.428104633092954e-13
0.01	-0.040000000000000036	1	3.731321131524697e25	2.95273190094997e-13
0.01	-0.030000000000000027	1	3.261761516672922e25	3.828123299086458e-13
0.01	-0.020000000000000018	1	2.6887030382151324e25	5.580439286703475e-13
0.01	-0.010000000000000009	1	1.9197488843418738e25	1.0840482978786673e-12
0.01	0.	1	6.784133274405858e21	8.59505486382212e-6
0.01	0.010000000000000009	0	0	0
0.01	0.020000000000000018	0	0	0
0.01	0.030000000000000027	0	0	0
0.01	0.040000000000000036	0	0	0
0.01	0.050000000000000044	0	0	0
0.01	0.06000000000000005	0	0	0
0.01	0.07000000000000006	0	0	0
0.01	0.08000000000000007	0	0	0
0.01	0.09000000000000008	0	0	0
0.01	0.10000000000000009	0	0	0
0.01	0.1100000000000001	0	0	0
0.01	0.1200000000000001	0	0	0
0.01	0.13000000000000012	0	0	0
0.01	0.14000000000000012	0	0	0
0.01	0.15000000000000013	0	0	0
0.01	0.16000000000000014	0	0	0
0.01	0.16999999999999993	0	0	0
0.01	0.17999999999999994	0	0	0
0.01	0.18999999999999995	0	0	0
0.01	0.19999999999999996	0	0	0
0.01	0.20999999999999996	0	0	0
0.01	0.21999999999999997	0	0	0
0.01	0.22999999999999998	0	0	0
0.01	0.24	0	0	0
0.01	0.25	0	0	0
0.01	0.26	0	0	0
0.01	0.27	0	0	0
0.01	0.28	0	0	0
0.01	0.29000000000000004	0	0	0
0.01	0.30000000000000004	0	0	0
0.01	0.31000000000000005	0	0	0
0.01	0.32000000000000006	0	0	0
0.01	0.33000000000000007	0	0	0
0.01	0.3400000000000001	0	0	0
0.01	0.3500000000000001	0	0	0
0.01	0.3600000000000001	0	0	0
0.01	0.3700000000000001	0	0	0
0.01	0.3800000000000001	0	0	0
0.01	0.3900000000000001	0	0	0
0.01	0.40000000000000013	0	0	0
0.01	0.41000000000000014	0	0	0
0.01	0.41999999999999993	0	0	0
0.01	0.42999999999999994	0	0	0
0.01	0.43999999999999995	0	0	0
0.01	0.44999999999999996	0	0	0
0.01	0.45999999999999996	0	0	0
0.01	0.47	0	0	0
0.01	0.48	0	0	0
0.01	0.49	0	0	0
0.01	0.5	0	0	0
0.01	0.5100000000000002	0	0	0
0.01	0.52	0	0	0
0.01	0.5300000000000002	0	0	0
0.01	0.54	0	0	0
0.01	0.5499999999999998	0	0	0
0.01	0.56	0	0	0
0.01	0.5699999999999998	0	0	0
0.01	0.5800000000000001	0	0	0
0.01	0.5899999999999999	0	0	0
0.01	0.6000000000000001	0	0	0
0.01	0.6099999999999999	0	0	0
0.01	0.6200000000000001	0	0	0
0.01	0.6299999999999999	0	0	0
0.01	0.6400000000000001	0	0	0
0.01	0.6499999999999999	0	0	0
0.01	0.6600000000000001	0	0	0
0.01	0.6699999999999999	0	0	0
0.01	0.6800000000000002	0	0	0
0.01	0.69	0	0	0
0.01	0.7000000000000002	0	0	0
0.01	0.71	0	0	0
0.01	0.7200000000000002	0	0	0
0.01	0.73	0	0	0
0.01	0.7400000000000002	0	0	0
0.01	0.75	0	0	0
0.01	0.7600000000000002	0	0	0
0.01	0.77	0	0	0
0.01	0.7800000000000002	0	0	0
0.01	0.79	0	0	0
0.01	0.8000000000000003	0	0	0
0.01	0.81	0	0	0
0.01	0.8199999999999998	0	0	0
0.01	0.8300000000000001	0	0	0
0.01	0.8399999999999999	0	0	0
0.01	0.8500000000000001	0	0	0
0.01	0.8599999999999999	0	0	0
0.01	0.8700000000000001	0	0	0
0.01	0.8799999999999999	0	0	0
0.01	0.8900000000000001	0	0	0
0.01	0.8999999999999999	0	0	0
0.01	0.9100000000000001	0	0	0
0.01	0.9199999999999999	0	0	0
0.01	0.9300000000000002	0	0	0
0.01	0.94	0	0	0
0.01	0.9500000000000002	0	0	0
0.01	0.96	0	0	0
0.01	0.9700000000000002	0	0	0
0.01	0.98	0	0	0
0.01	0.9900000000000002	0	0	0
0.01	1.	0	0	0
0.1	-1.5	0	0	0
0.1	-1.49	0	0	0
0.1	-1.48	0	0	0
0.1	-1.47	0	0	0
0.1	-1.46	0	0	0
0.1	-1.45	0	0	0
0.1	-1.44	0	0	0
0.1	-1.43	0	0	0
0.1	-1.42	0	0	0
0.1	-1.41	0	0	0
0.1	-1.4	0	0	0
0.1	-1.39	0	0	0
0.1	-1.38	0	0	0
0.1	-1.37	0	0	0
0.1	-1.3599999999999999	0	0	0
0.1	-1.35	0	0	0
0.1	-1.34	0	0	0
0.1	-1.33	0	0	0
0.1	-1.32	0	0	0
0.1	-1.31	0	0	0
0.1	-1.3	0	0	0
0.1	-1.29	0	0	0
0.1	-1.28	0	0	0
0.1	-1.27	0	0	0
0.1	-1.26	0	0	0
0.1	-1.25	0	0	0
0.1	-1.24	0	0	0
0.1	-1.23	0	0	0
0.1	-1.22	0	0	0
0.1	-1.21	0	0	0
0.1	-1.2	0	0	0
0.1	-1.19	0	0	0
0.1	-1.18	0	0	0
0.1	-1.17	0	0	0
0.1	-1.16	0	0	0
0.1	-1.15	0	0	0
0.1	-1.1400000000000001	0	0	0
0.1	-1.13	0	0	0
0.1	-1.12	0	0	0
0.1	-1.1099999999999999	0	0	0
0.1	-1.1	0	0	0
0.1	-1.0899999999999999	0	0	0
0.1	-1.08	0	0	0
0.1	-1.07	0	0	0
0.1	-1.06	0	0	0
0.1	-1.05	0	0	0
0.1	-1.04	0	0	0
0.1	-1.03	0	0	0
0.1	-1.02	0	0	0
0.1	-1.01	0	0	0
0.1	-1.	0	0	0
0.1	-0.99	0	0	0
0.1	-0.98	0	0	0
0.1	-0.97	0	0	0
0.1	-0.96	0	0	0
0.1	-0.95	0	0	0
0.1	-0.94	0	0	0
0.1	-0.9299999999999999	0	0	0
0.1	-0.92	0	0	0
0.1	-0.91	0	0	0
0.1	-0.9	0	0	0
0.1	-0.89	0	0	0
0.1	-0.88	0	0	0
0.1	-0.87	0	0	0
0.1	-0.86	0	0	0
0.1	-0.85	0	0	0
0.1	-0.84	0	0	0
0.1	-0.83	0	0	0
0.1	-0.82	0	0	0
0.1	-0.8099999999999999	0	0	0
0.1	-0.7999999999999999	0	0	0
0.1	-0.79	0	0	0
0.1	-0.78	0	0	0
0.1	-0.77	0	0	0
0.1	-0.76	0	0	0
0.1	-0.75	0	0	0
0.1	-0.74	0	0	0
0.1	-0.73	0	0	0
0.1	-0.72	0	0	0
0.1	-0.71	0	0	0
0.1	-0.7	0	0	0
0.1	-0.69	0	0	0
0.1	-0.6799999999999999	0	0	0
0.1	-0.6699999999999999	0	0	0
0.1	-0.66	0	0	0
0.1	-0.65	0	0	0
0.1	-0.64	0	0	0
0.1	-0.63	0	0	0
0.1	-0.62	0	0	0
0.1	-0.61	0	0	0
0.1	-0.6	0	0	0
0.1	-0.59	0	0	0
0.1	-0.58	0	0	0
0.1	-0.57	0	0	0
0.1	-0.5599999999999999	0	0	0
0.1	-0.5499999999999999	0	0	0
0.1	-0.54	0	0	0
0.1	-0.53	0	0	0
0.1	-0.52	0	0	0
0.1	-0.51	0	0	0
0.1	-0.5	0	0	0
0.1	-0.49	0	0	0
0.1	-0.48	0	0	0
0.1	-0.47	0	0	0
0.1	-0.45999999999999996	0	0	0
0.1	-0.44999999999999996	0	0	0
0.1	-0.43999999999999995	0	0	0
0.1	-0.42999999999999994	0	0	0
0.1	-0.41999999999999993	0	0	0
0.1	-0.4099999999999999	0	0	0
0.1	-0.3999999999999999	0	0	0
0.1	-0.3899999999999999	0	0	0
0.1	-0.3799999999999999	0	0	0
0.1	-0.3699999999999999	0	0	0
0.1	-0.3599999999999999	0	0	0
0.1	-0.34999999999999987	0	0	0
0.1	-0.3400000000000001	0	0	0
0.1	-0.33000000000000007	0	0	0
0.1	-0.32000000000000006	0	0	0
0.1	-0.31000000000000005	0	0	0
0.1	-0.30000000000000004	0	0	0
0.1	-0.29000000000000004	0	0	0
0.1	-0.28	0	0	0
0.1	-0.27	0	0	0
0.1	-0.26	0	0	0
0.1	-0.25	0	0	0
0.1	-0.24	0	0	0
0.1	-0.22999999999999998	0	0	0
0.1	-0.21999999999999997	0	0	0
0.1	-0.20999999999999996	0	0	0
0.1	-0.19999999999999996	0	0	0
0.1	-0.18999999999999995	0	0	0
0.1	-0.17999999999999994	0	0	0
0.1	-0.16999999999999993	0	0	0
0.1	-0.15999999999999992	1	6.7502139084897555e25	9.974457596485605e-14
0.1	-0.1499999999999999	1	6.5859505134522425e25	1.0398534657954756e-13
0.1	-0.1399999999999999	1	6.412148072761388e25	1.0885171929313271e-13
0.1	-0.1299999999999999	1	6.2277463137253486e25	1.1448822958490622e-13
0.1	-0.11999999999999988	1	6.031485529065124e25	1.2108759568657215e-13
0.1	-0.10999999999999988	1	5.8218489991405184e25	1.2891262001998089e-13
0.1	-0.09999999999999987	1	5.59698169727645e25	1.3833123150924257e-13
0.1	-0.09000000000000008	1	5.354571977167422e25	1.4987488944826194e-13
0.1	-0.08000000000000007	1	5.091673049583916e25	1.643407902858872e-13
0.1	-0.07000000000000006	1	4.8044215253706725e25	1.8298168024778037e-13
0.1	-0.06000000000000005	1	4.487568838128906e25	2.0788548060643874e-13
0.1	-0.050000000000000044	1	4.1336449326155755e25	2.428104633092954e-13
0.1	-0.040000000000000036	1	3.731321131524697e25	2.95273190094997e-13
0.1	-0.030000000000000027	1	3.261761516672922e25	3.828123299086458e-13
0.1	-0.020000000000000018	1	2.6887030382151324e25	5.580439286703475e-13
0.1	-0.010000000000000009	1	1.9197488843418738e25	1.0840482978786673e-12
0.1	0.	1	6.784133274405858e21	8.59505486382212e-6
0.1	0.010000000000000009	1	8.640415472643376e14	5.403606801976801e8
0.1	0.020000000000000018	1	4.487476186920171e14	2.0414590489876354e9
0.1	0.030000000000000027	1	3.103217317147164e14	4.347227703747106e9
0.1	0.040000000000000036	1	2.411128500431987e14	7.328389666470324e9
0.1	0.050000000000000044	1	1.9959076623841066e14	1.0877282011449005e10
0.1	0.06000000000000005	1	1.7191207767077334e14	1.4903798778078783e10
0.1	0.07000000000000006	0	0	0
0.1	0.08000000000000007	0	0	0
0.1	0.09000000000000008	0	0	0
0.1	0.10000000000000009	0	0	0
0.1	0.1100000000000001	0	0	0
0.1	0.1200000000000001	0	0	0
0.1	0.13000000000000012	0	0	0
0.1	0.14000000000000012	0	0	0
0.1	0.15000000000000013	0	0	0
0.1	0.16000000000000014	0	0	0
0.1	0.16999999999999993	0	0	0
0.1	0.17999999999999994	0	0	0
0.1	0.18999999999999995	0	0	0
0.1	0.19999999999999996	0	0	0
0.1	0.20999999999999996	0	0	0
0.1	0.21999999999999997	0	0	0
0.1	0.22999999999999998	0	0	0
0.1	0.24	0	0	0
0.1	0.25	0	0	0
0.1	0.26	0	0	0
0.1	0.27	0	0	0
0.1	0.28	0	0	0
0.1	0.29000000000000004	0	0	0
0.1	0.30000000000000004	0	0	0
0.1	0.31000000000000005	0	0	0
0.1	0.32000000000000006	0	0	0
0.1	0.33000000000000007	0	0	0
0.1	0.3400000000000001	0	0	0
0.1	0.3500000000000001	0	0	0
0.1	0.3600000000000001	0	0	0
0.1	0.3700000000000001	0	0	0
0.1	0.3800000000000001	0	0	0
0.1	0.3900000000000001	0	0	0
0.1	0.40000000000000013	0	0	0
0.1	0.41000000000000014	0	0	0
0.1	0.41999999999999993	0	0	0
0.1	0.42999999999999994	0	0	0
0.1	0.43999999999999995	0	0	0
0.1	0.44999999999999996	0	0	0
0.1	0.45999999999999996	0	0	0
0.1	0.47	0	0	0
0.1	0.48	0	0	0
0.1	0.49	0	0	0
0.1	0.5	0	0	0
0.1	0.5100000000000002	0	0	0
0.1	0.52	0	0	0
0.1	0.5300000000000002	0	0	0
0.1	0.54	0	0	0
0.1	0.5499999999999998	0	0	0
0.1	0.56	0	0	0
0.1	0.5699999999999998	0	0	0
0.1	0.5800000000000001	0	0	0
0.1	0.5899999999999999	0	0	0
0.1	0.6000000000000001	0	0	0
0.1	0.6099999999999999	0	0	0
0.1	0.6200000000000001	0	0	0
0.1	0.6299999999999999	0	0	0
0.1	0.6400000000000001	0	0	0
0.1	0.6499999999999999	0	0	0
0.1	0.6600000000000001	0	0	0
0.1	0.6699999999999999	0	0	0
0.1	0.6800000000000002	0	0	0
0.1	0.69	0	0	0
0.1	0.7000000000000002	0	0	0
0.1	0.71	0	0	0
0.1	0.7200000000000002	0	0	0
0.1	0.73	0	0	0
0.1	0.7400000000000002	0	0	0
0.1	0.75	0	0	0
0.1	0.7600000000000002	0	0	0
0.1	0.77	0	0	0
0.1	0.7800000000000002	0	0	0
0.1	0.79	0	0	0
0.1	0.8000000000000003	0	0	0
0.1	0.81	0	0	0
0.1	0.8199999999999998	0	0	0
0.1	0.8300000000000001	0	0	0
0.1	0.8399999999999999	0	0	0
0.1	0.8500000000000001	0	0	0
0.1	0.8599999999999999	0	0	0
0.1	0.8700000000000001	0	0	0
0.1	0.8799999999999999	0	0	0
0.1	0.8900000000000001	0	0	0
0.1	0.8999999999999999	0	0	0
0.1	0.9100000000000001	0	0	0
0.1	0.9199999999999999	0	0	0
0.1	0.9300000000000002	0	0	0
0.1	0.94	0	0	0
0.1	0.9500000000000002	0	0	0
0.1	0.96	0	0	0
0.1	0.9700000000000002	0	0	0
0.1	0.98	0	0	0
0.1	0.9900000000000002	0	0	0
0.1	1.	0	0	0
0.2	-1.5	0	0	0
0.2	-1.49	0	0	0
0.2	-1.48	0	0	0
0.2	-1.47	0	0	0
0.2	-1.46	0	0	0
0.2	-1.45	0	0	0
0.2	-1.44	0	0	0
0.2	-1.43	0	0	0
0.2	-1.42	0	0	0
0.2	-1.41	0	0	0
0.2	-1.4	0	0	0
0.2	-1.39	0	0	0
0.2	-1.38	0	0	0
0.2	-1.37	0	0	0
0.2	-1.3599999999999999	0	0	0
0.2	-1.35	0	0	0
0.2	-1.34	0	0	0
0.2	-1.33	0	0	0
0.2	-1.32	0	0	0
0.2	-1.31	0	0	0
0.2	-1.3	0	0	0
0.2	-1.29	0	0	0
0.2	-1.28	0	0	0
0.2	-1.27	0	0	0
0.2	-1.26	0	0	0
0.2	-1.25	0	0	0
0.2	-1.24	0	0	0
0.2	-1.23	0	0	0
0.2	-1.22	0	0	0
0.2	-1.21	0	0	0
0.2	-1.2	0	0	0
0.2	-1.19	0	0	0
0.2	-1.18	0	0	0
0.2	-1.17	0	0	0
0.2	-1.16	0	0	0
0.2	-1.15	0	0	0
0.2	-1.1400000000000001	0	0	0
0.2	-1.13	0	0	0
0.2	-1.12	0	0	0
0.2	-1.1099999999999999	0	0	0
0.2	-1.1	0	0	0
0.2	-1.0899999999999999	0	0	0
0.2	-1.08	0	0	0
0.2	-1.07	0	0	0
0.2	-1.06	0	0	0
0.2	-1.05	0	0	0
0.2	-1.04	0	0	0
0.2	-1.03	0	0	0
0.2	-1.02	0	0	0
0.2	-1.01	0	0	0
0.2	-1.	0	0	0
0.2	-0.99	0	0	0
0.2	-0.98	0	0	0
0.2	-0.97	0	0	0
0.2	-0.96	0	0	0
0.2	-0.95	0	0	0
0.2	-0.94	0	0	0
0.2	-0.9299999999999999	0	0	0
0.2	-0.92	0	0	0
0.2	-0.91	0	0	0
0.2	-0.9	0	0	0
0.2	-0.89	0	0	0
0.2	-0.88	0	0	0
0.2	-0.87	0	0	0
0.2	-0.86	0	0	0
0.2	-0.85	0	0	0
0.2	-0.84	0	0	0
0.2	-0.83	0	0	0
0.2	-0.82	0	0	0
0.2	-0.8099999999999999	0	0	0
0.2	-0.7999999999999999	0	0	0
0.2	-0.79	0	0	0
0.2	-0.78	0	0	0
0.2	-0.77	0	0	0
0.2	-0.76	0	0	0
0.2	-0.75	0	0	0
0.2	-0.74	0	0	0
0.2	-0.73	0	0	0
0.2	-0.72	0	0	0
0.2	-0.71	0	0	0
0.2	-0.7	0	0	0
0.2	-0.69	0	0	0
0.2	-0.6799999999999999	0	0	0
0.2	-0.6699999999999999	0	0	0
0.2	-0.66	0	0	0
0.2	-0.65	0	0	0
0.2	-0.64	0	0	0
0.2	-0.63	0	0	0
0.2	-0.62	0	0	0
0.2	-0.61	0	0	0
0.2	-0.6	0	0	0
0.2	-0.59	0	0	0
0.2	-0.58	0	0	0
0.2	-0.57	0	0	0
0.2	-0.5599999999999999	0	0	0
0.2	-0.5499999999999999	0	0	0
0.2	-0.54	0	0	0
0.2	-0.53	0	0	0
0.2	-0.52	0	0	0
0.2	-0.51	0	0	0
0.2	-0.5	0	0	0
0.2	-0.49	0	0	0
0.2	-0.48	0	0	0
0.2	-0.47	0	0	0
0.2	-0.45999999999999996	0	0	0
0.2	-0.44999999999999996	0	0	0
0.2	-0.43999999999999995	0	0	0
0.2	-0.42999999999999994	0	0	0
0.2	-0.41999999999999993	0	0	0
0.2	-0.4099999999999999	0	0	0
0.2	-0.3999999999999999	0	0	0
0.2	-0.3899999999999999	0	0	0
0.2	-0.3799999999999999	0	0	0
0.2	-0.3699999999999999	0	0	0
0.2	-0.3599999999999999	0	0	0
0.2	-0.34999999999999987	0	0	0
0.2	-0.3400000000000001	0	0	0
0.2	-0.33000000000000007	0	0	0
0.2	-0.32000000000000006	0	0	0
0.2	-0.31000000000000005	0	0	0
0.2	-0.30000000000000004	0	0	0
0.2	-0.29000000000000004	0	0	0
0.2	-0.28	0	0	0
0.2	-0.27	0	0	0
0.2	-0.26	0	0	0
0.2	-0.25	0	0	0
0.2	-0.24	0	0	0
0.2	-0.22999999999999998	0	0	0
0.2	-0.21999999999999997	1	7.578349043116597e25	8.265505735105702e-14
0.2	-0.20999999999999996	1	7.456070141754734e25	8.479331142977497e-14
0.2	-0.19999999999999996	1	7.328169226011941e25	8.715863740727788e-14
0.2	-0.18999999999999995	1	7.19418774019127e25	8.978698799076758e-14
0.2	-0.17999999999999994	1	7.053607801226459e25	9.272230764742148e-14
0.2	-0.16999999999999993	1	6.905840941369236e25	9.601888321006748e-14
0.2	-0.15999999999999992	1	6.7502139084897555e25	9.974457596485605e-14
0.2	-0.1499999999999999	1	6.5859505134522425e25	1.0398534657954756e-13
0.2	-0.1399999999999999	1	6.412148072761388e25	1.0885171929313271e-13
0.2	-0.1299999999999999	1	6.2277463137253486e25	1.1448822958490622e-13
0.2	-0.11999999999999988	1	6.031485529065124e25	1.2108759568657215e-13
0.2	-0.10999999999999988	1	5.8218489991405184e25	1.2891262001998089e-13
0.2	-0.09999999999999987	1	5.59698169727645e25	1.3833123150924257e-13
0.2	-0.09000000000000008	1	5.354571977167422e25	1.4987488944826194e-13
0.2	-0.08000000000000007	1	5.091673049583916e25	1.643407902858872e-13
0.2	-0.07000000000000006	1	4.8044215253706725e25	1.8298168024778037e-13
0.2	-0.06000000000000005	1	4.487568838128906e25	2.0788548060643874e-13
0.2	-0.050000000000000044	1	4.1336449326155755e25	2.428104633092954e-13
0.2	-0.040000000000000036	1	3.731321131524697e25	2.95273190094997e-13
0.2	-0.030000000000000027	1	3.261761516672922e25	3.828123299086458e-13
0.2	-0.020000000000000018	1	2.6887030382151324e25	5.580439286703475e-13
0.2	-0.010000000000000009	1	1.9197488843418738e25	1.0840482978786673e-12
0.2	0.	1	6.784133274405858e21	8.59505486382212e-6
0.2	0.010000000000000009	1	8.640415472643376e14	5.403606801976801e8
0.2	0.020000000000000018	1	4.487476186920171e14	2.0414590489876354e9
0.2	0.030000000000000027	1	3.103217317147164e14	4.347227703747106e9
0.2	0.040000000000000036	1	2.411128500431987e14	7.328389666470324e9
0.2	0.050000000000000044	1	1.9959076623841066e14	1.0877282011449005e10
0.2	0.06000000000000005	1	1.7191207767077334e14	1.4903798778078783e10
0.2	0.07000000000000006	1	1.5214389737154247e14	1.933218577168031e10
0.2	0.08000000000000007	1	1.3731978174567672e14	2.4098489574063404e10
0.2	0.09000000000000008	1	1.2579170647615212e14	2.914851317310382e10
0.2	0.10000000000000009	1	1.1657085688570934e14	3.4436166994058495e10
0.2	0.1100000000000001	1	1.0902798719221267e14	3.992213079679212e10
0.2	0.1200000000000001	1	1.0274360013634689e14	4.557276166039625e10
0.2	0.13000000000000012	0	0	0
0.2	0.14000000000000012	0	0	0
0.2	0.15000000000000013	0	0	0
0.2	0.16000000000000014	0	0	0
0.2	0.16999999999999993	0	0	0
0.2	0.17999999999999994	0	0	0
0.2	0.18999999999999995	0	0	0
0.2	0.19999999999999996	0	0	0
0.2	0.20999999999999996	0	0	0
0.2	0.21999999999999997	0	0	0
0.2	0.22999999999999998	0	0	0
0.2	0.24	0	0	0
0.2	0.25	0	0	0
0.2	0.26	0	0	0
0.2	0.27	0	0	0
0.2	0.28	0	0	0
0.2	0.29000000000000004	0	0	0
0.2	0.30000000000000004	0	0	0
0.2	0.31000000000000005	0	0	0
0.2	0.32000000000000006	0	0	0
0.2	0.33000000000000007	0	0	0
0.2	0.3400000000000001	0	0	0
0.2	0.3500000000000001	0	0	0
0.2	0.3600000000000001	0	0	0
0.2	0.3700000000000001	0	0	0
0.2	0.3800000000000001	0	0	0
0.2	0.3900000000000001	0	0	0
0.2	0.40000000000000013	0	0	0
0.2	0.41000000000000014	0	0	0
0.2	0.41999999999999993	0	0	0
0.2	0.42999999999999994	0	0	0
0.2	0.43999999999999995	0	0	0
0.2	0.44999999999999996	0	0	0
0.2	0.45999999999999996	0	0	0
0.2	0.47	0	0	0
0.2	0.48	0	0	0
0.2	0.49	0	0	0
0.2	0.5	0	0	0
0.2	0.5100000000000002	0	0	0
0.2	0.52	0	0	0
0.2	0.5300000000000002	0	0	0
0.2	0.54	0	0	0
0.2	0.5499999999999998	0	0	0
0.2	0.56	0	0	0
0.2	0.5699999999999998	0	0	0
0.2	0.5800000000000001	0	0	0
0.2	0.5899999999999999	0	0	0
0.2	0.6000000000000001	0	0	0
0.2	0.6099999999999999	0	0	0
0.2	0.6200000000000001	0	0	0
0.2	0.6299999999999999	0	0	0
0.2	0.6400000000000001	0	0	0
0.2	0.6499999999999999	0	0	0
0.2	0.6600000000000001	0	0	0
0.2	0.6699999999999999	0	0	0
0.2	0.6800000000000002	0	0	0
0.2	0.69	0	0	0
0.2	0.7000000000000002	0	0	0
0.2	0.71	0	0	0
0.2	0.7200000000000002	0	0	0
0.2	0.73	0	0	0
0.2	0.7400000000000002	0	0	0
0.2	0.75	0	0	0
0.2	0.7600000000000002	0	0	0
0.2	0.77	0	0	0
0.2	0.7800000000000002	0	0	0
0.2	0.79	0	0	0
0.2	0.8000000000000003	0	0	0
0.2	0.81	0	0	0
0.2	0.8199999999999998	0	0	0
0.2	0.8300000000000001	0	0	0
0.2	0.8399999999999999	0	0	0
0.2	0.8500000000000001	0	0	0
0.2	0.8599999999999999	0	0	0
0.2	0.8700000000000001	0	0	0
0.2	0.8799999999999999	0	0	0
0.2	0.8900000000000001	0	0	0
0.2	0.8999999999999999	0	0	0
0.2	0.9100000000000001	0	0	0
0.2	0.9199999999999999	0	0	0
0.2	0.9300000000000002	0	0	0
0.2	0.94	0	0	0
0.2	0.9500000000000002	0	0	0
0.2	0.96	0	0	0
0.2	0.9700000000000002	0	0	0
0.2	0.98	0	0	0
0.2	0.9900000000000002	0	0	0
0.2	1.	0	0	0
0.30000000000000004	-1.5	0	0	0
0.30000000000000004	-1.49	0	0	0
0.30000000000000004	-1.48	0	0	0
0.30000000000000004	-1.47	0	0	0
0.30000000000000004	-1.46	0	0	0
0.30000000000000004	-1.45	0	0	0
0.30000000000000004	-1.44	0	0	0
0.30000000000000004	-1.43	0	0	0
0.30000000000000004	-1.42	0	0	0
0.30000000000000004	-1.41	0	0	0
0.30000000000000004	-1.4	0	0	0
0.30000000000000004	-1.39	0	0	0
0.30000000000000004	-1.38	0	0	0
0.30000000000000004	-1.37	0	0	0
0.30000000000000004	-1.3599999999999999	0	0	0
0.30000000000000004	-1.35	0	0	0
0.30000000000000004	-1.34	0	0	0
0.30000000000000004	-1.33	0	0	0
0.30000000000000004	-1.32	0	0	0
0.30000000000000004	-1.31	0	0	0
0.30000000000000004	-1.3	0	0	0
0.30000000000000004	-1.29	0	0	0
0.30000000000000004	-1.28	0	0	0
0.30000000000000004	-1.27	0	0	0
0.30000000000000004	-1.26	0	0	0
0.30000000000000004	-1.25	0	0	0
0.30000000000000004	-1.24	0	0	0
0.30000000000000004	-1.23	0	0	0
0.30000000000000004	-1.22	0	0	0
0.30000000000000004	-1.21	0	0	0
0.30000000000000004	-1.2	0	0	0
0.30000000000000004	-1.19	0	0	0
0.30000000000000004	-1.18	0	0	0
0.30000000000000004	-1.17	0	0	0
0.30000000000000004	-1.16	0	0	0
0.30000000000000004	-1.15	0	0	0
0.30000000000000004	-1.1400000000000001	0	0	0
0.30000000000000004	-1.13	0	0	0
0.30000000000000004	-1.12	0	0	0
0.30000000000000004	-1.1099999999999999	0	0	0
0.30000000000000004	-1.1	0	0	0
0.30000000000000004	-1.0899999999999999	0	0	0
0.30000000000000004	-1.08	0	0	0
0.30000000000000004	-1.07	0	0	0
0.30000000000000004	-1.06	0	0	0
0.30000000000000004	-1.05	0	0	0
0.30000000000000004	-1.04	0	0	0
0.30000000000000004	-1.03	0	0	0
0.30000000000000004	-1.02	0	0	0
0.30000000000000004	-1.01	0	0	0
0.30000000000000004	-1.	0	0	0
0.30000000000000004	-0.99	0	0	0
0.30000000000000004	-0.98	0	0	0
0.30000000000000004	-0.97	0	0	0
0.30000000000000004	-0.96	0	0	0
0.30000000000000004	-0.95	0	0	0
0.30000000000000004	-0.94	0	0	0
0.30000000000000004	-0.9299999999999999	0	0	0
0.30000000000000004	-0.92	0	0	0
0.30000000000000004	-0.91	0	0	0
0.30000000000000004	-0.9	0	0	0
0.30000000000000004	-0.89	0	0	0
0.30000000000000004	-0.88	0	0	0
0.30000000000000004	-0.87	0	0	0
0.30000000000000004	-0.86	0	0	0
0.30000000000000004	-0.85	0	0	0
0.30000000000000004	-0.84	0	0	0
0.30000000000000004	-0.83	0	0	0
0.30000000000000004	-0.82	0	0	0
0.30000000000000004	-0.8099999999999999	0	0	0
0.30000000000000004	-0.7999999999999999	0	0	0
0.30000000000000004	-0.79	0	0	0
0.30000000000000004	-0.78	0	0	0
0.30000000000000004	-0.77	0	0	0
0.30000000000000004	-0.76	0	0	0
0.30000000000000004	-0.75	0	0	0
0.30000000000000004	-0.74	0	0	0
0.30000000000000004	-0.73	0	0	0
0.30000000000000004	-0.72	0	0	0
0.30000000000000004	-0.71	0	0	0
0.30000000000000004	-0.7	0	0	0
0.30000000000000004	-0.69	0	0	0
0.30000000000000004	-0.6799999999999999	0	0	0
0.30000000000000004	-0.6699999999999999	0	0	0
0.30000000000000004	-0.66	0	0	0
0.30000000000000004	-0.65	0	0	0
0.30000000000000004	-0.64	0	0	0
0.30000000000000004	-0.63	0	0	0
0.30000000000000004	-0.62	0	0	0
0.30000000000000004	-0.61	0	0	0
0.30000000000000004	-0.6	0	0	0
0.30000000000000004	-0.59	0	0	0
0.30000000000000004	-0.58	0	0	0
0.30000000000000004	-0.57	0	0	0
0.30000000000000004	-0.5599999999999999	0	0	0
0.30000000000000004	-0.5499999999999999	0	0	0
0.30000000000000004	-0.54	0	0	0
0.30000000000000004	-0.53	0	0	0
0.30000000000000004	-0.52	0	0	0
0.30000000000000004	-0.51	0	0	0
0.30000000000000004	-0.5	0	0	0
0.30000000000000004	-0.49	0	0	0
0.30000000000000004	-0.48	0	0	0
0.30000000000000004	-0.47	0	0	0
0.30000000000000004	-0.45999999999999996	0	0	0
0.30000000000000004	-0.44999999999999996	0	0	0
0.30000000000000004	-0.43999999999999995	0	0	0
0.30000000000000004	-0.42999999999999994	0	0	0
0.30000000000000004	-0.41999999999999993	0	0	0
0.30000000000000004	-0.4099999999999999	0	0	0
0.30000000000000004	-0.3999999999999999	0	0	0
0.30000000000000004	-0.3899999999999999	0	0	0
0.30000000000000004	-0.3799999999999999	0	0	0
0.30000000000000004	-0.3699999999999999	0	0	0
0.30000000000000004	-0.3599999999999999	0	0	0
0.30000000000000004	-0.34999999999999987	0	0	0
0.30000000000000004	-0.3400000000000001	0	0	0
0.30000000000000004	-0.33000000000000007	0	0	0
0.30000000000000004	-0.32000000000000006	0	0	0
0.30000000000000004	-0.31000000000000005	0	0	0
0.30000000000000004	-0.30000000000000004	0	0	0
0.30000000000000004	-0.29000000000000004	0	0	0
0.30000000000000004	-0.28	0	0	0
0.30000000000000004	-0.27	1	8.11831748560747e25	7.448446305032505e-14
0.30000000000000004	-0.26	1	8.018800148680695e25	7.584734937804674e-14
0.30000000000000004	-0.25	1	7.91532742463882e25	7.73295092665405e-14
0.30000000000000004	-0.24	1	7.807630876805733e25	7.894592280803753e-14
0.30000000000000004	-0.22999999999999998	1	7.695414190841087e25	8.071417682287812e-14
0.30000000000000004	-0.21999999999999997	1	7.578349043116597e25	8.265505735105702e-14
0.30000000000000004	-0.20999999999999996	1	7.456070141754734e25	8.479331142977497e-14
0.30000000000000004	-0.19999999999999996	1	7.328169226011941e25	8.715863740727788e-14
0.30000000000000004	-0.18999999999999995	1	7.19418774019127e25	8.978698799076758e-14
0.30000000000000004	-0.17999999999999994	1	7.053607801226459e25	9.272230764742148e-14
0.30000000000000004	-0.16999999999999993	1	6.905840941369236e25	9.601888321006748e-14
0.30000000000000004	-0.15999999999999992	1	6.7502139084897555e25	9.974457596485605e-14
0.30000000000000004	-0.1499999999999999	1	6.5859505134522425e25	1.0398534657954756e-13
0.30000000000000004	-0.1399999999999999	1	6.412148072761388e25	1.0885171929313271e-13
0.30000000000000004	-0.1299999999999999	1	6.2277463137253486e25	1.1448822958490622e-13
0.30000000000000004	-0.11999999999999988	1	6.031485529065124e25	1.2108759568657215e-13
0.30000000000000004	-0.10999999999999988	1	5.8218489991405184e25	1.2891262001998089e-13
0.30000000000000004	-0.09999999999999987	1	5.59698169727645e25	1.3833123150924257e-13
0.30000000000000004	-0.09000000000000008	1	5.354571977167422e25	1.4987488944826194e-13
0.30000000000000004	-0.08000000000000007	1	5.091673049583916e25	1.643407902858872e-13
0.30000000000000004	-0.07000000000000006	1	4.8044215253706725e25	1.8298168024778037e-13
0.30000000000000004	-0.06000000000000005	1	4.487568838128906e25	2.0788548060643874e-13
0.30000000000000004	-0.050000000000000044	1	4.1336449326155755e25	2.428104633092954e-13
0.30000000000000004	-0.040000000000000036	1	3.731321131524697e25	2.95273190094997e-13
0.30000000000000004	-0.030000000000000027	1	3.261761516672922e25	3.828123299086458e-13
0.30000000000000004	-0.020000000000000018	1	2.6887030382151324e25	5.580439286703475e-13
0.30000000000000004	-0.010000000000000009	1	1.9197488843418738e25	1.0840482978786673e-12
0.30000000000000004	0.	1	6.784133274405858e21	8.59505486382212e-6
0.30000000000000004	0.010000000000000009	1	8.640415472643376e14	5.403606801976801e8
0.30000000000000004	0.020000000000000018	1	4.487476186920171e14	2.0414590489876354e9
0.30000000000000004	0.030000000000000027	1	3.103217317147164e14	4.347227703747106e9
0.30000000000000004	0.040000000000000036	1	2.411128500431987e14	7.328389666470324e9
0.30000000000000004	0.050000000000000044	1	1.9959076623841066e14	1.0877282011449005e10
0.30000000000000004	0.06000000000000005	1	1.7191207767077334e14	1.4903798778078783e10
0.30000000000000004	0.07000000000000006	1	1.5214389737154247e14	1.933218577168031e10
0.30000000000000004	0.08000000000000007	1	1.3731978174567672e14	2.4098489574063404e10
0.30000000000000004	0.09000000000000008	1	1.2579170647615212e14	2.914851317310382e10
0.30000000000000004	0.10000000000000009	1	1.1657085688570934e14	3.4436166994058495e10
0.30000000000000004	0.1100000000000001	1	1.0902798719221267e14	3.992213079679212e10
0.30000000000000004	0.1200000000000001	1	1.0274360013634689e14	4.557276166039625e10
0.30000000000000004	0.13000000000000012	1	9.742727447346939e13	5.13591980367635e10
0.30000000000000004	0.14000000000000012	1	9.2871566400931e13	5.7256620970491264e10
0.30000000000000004	0.15000000000000013	1	8.8924350399989e13	6.3243642044747116e10
0.30000000000000004	0.16000000000000014	1	8.54715322830029e13	6.930179401823601e10
0.30000000000000004	0.16999999999999993	1	8.242586351171839e13	7.541510515058327e10
0.30000000000000004	0.17999999999999994	0	0	0
0.30000000000000004	0.18999999999999995	0	0	0
0.30000000000000004	0.19999999999999996	0	0	0
0.30000000000000004	0.20999999999999996	0	0	0
0.30000000000000004	0.21999999999999997	0	0	0
0.30000000000000004	0.22999999999999998	0	0	0
0.30000000000000004	0.24	0	0	0
0.30000000000000004	0.25	0	0	0
0.30000000000000004	0.26	0	0	0
0.30000000000000004	0.27	0	0	0
0.30000000000000004	0.28	0	0	0
0.30000000000000004	0.29000000000000004	0	0	0
0.30000000000000004	0.30000000000000004	0	0	0
0.30000000000000004	0.31000000000000005	0	0	0
0.30000000000000004	0.32000000000000006	0	0	0
0.30000000000000004	0.33000000000000007	0	0	0
0.30000000000000004	0.3400000000000001	0	0	0
0.30000000000000004	0.3500000000000001	0	0	0
0.30000000000000004	0.3600000000000001	0	0	0
0.30000000000000004	0.3700000000000001	0	0	0
0.30000000000000004	0.3800000000000001	0	0	0
0.30000000000000004	0.3900000000000001	0	0	0
0.30000000000000004	0.40000000000000013	0	0	0
0.30000000000000004	0.41000000000000014	0	0	0
0.30000000000000004	0.41999999999999993	0	0	0
0.30000000000000004	0.42999999999999994	0	0	0
0.30000000000000004	0.43999999999999995	0	0	0
0.30000000000000004	0.44999999999999996	0	0	0
0.30000000000000004	0.45999999999999996	0	0	0
0.30000000000000004	0.47	0	0	0
0.30000000000000004	0.48	0	0	0
0.30000000000000004	0.49	0	0	0
0.30000000000000004	0.5	0	0	0
0.30000000000000004	0.5100000000000002	0	0	0
0.30000000000000004	0.52	0	0	0
0.30000000000000004	0.5300000000000002	0	0	0
0.30000000000000004	0.54	0	0	0
0.30000000000000004	0.5499999999999998	0	0	0
0.30000000000000004	0.56	0	0	0
0.30000000000000004	0.5699999999999998	0	0	0
0.30000000000000004	0.5800000000000001	0	0	0
0.30000000000000004	0.5899999999999999	0	0	0
0.30000000000000004	0.6000000000000001	0	0	0
0.30000000000000004	0.6099999999999999	0	0	0
0.30000000000000004	0.6200000000000001	0	0	0
0.30000000000000004	0.6299999999999999	0	0	0
0.30000000000000004	0.6400000000000001	0	0	0
0.30000000000000004	0.6499999999999999	0	0	0
0.30000000000000004	0.6600000000000001	0	0	0
0.30000000000000004	0.6699999999999999	0	0	0
0.30000000000000004	0.6800000000000002	0	0	0
0.30000000000000004	0.69	0	0	0
0.30000000000000004	0.7000000000000002	0	0	0
0.30000000000000004	0.71	0	0	0
0.30000000000000004	0.7200000000000002	0	0	0
0.30000000000000004	0.73	0	0	0
0.30000000000000004	0.7400000000000002	0	0	0
0.30000000000000004	0.75	0	0	0
0.30000000000000004	0.7600000000000002	0	0	0
0.30000000000000004	0.77	0	0	0
0.30000000000000004	0.7800000000000002	0	0	0
0.30000000000000004	0.79	0	0	0
0.30000000000000004	0.8000000000000003	0	0	0
0.30000000000000004	0.81	0	0	0
0.30000000000000004	0.8199999999999998	0	0	0
0.30000000000000004	0.8300000000000001	0	0	0
0.30000000000000004	0.8399999999999999	0	0	0
0.30000000000000004	0.8500000000000001	0	0	0
0.30000000000000004	0.8599999999999999	0	0	0
0.30000000000000004	0.8700000000000001	0	0	0
0.30000000000000004	0.8799999999999999	0	0	0
0.30000000000000004	0.8900000000000001	0	0	0
0.30000000000000004	0.8999999999999999	0	0	0
0.30000000000000004	0.9100000000000001	0	0	0
0.30000000000000004	0.9199999999999999	0	0	0
0.30000000000000004	0.9300000000000002	0	0	0
0.30000000000000004	0.94	0	0	0
0.30000000000000004	0.9500000000000002	0	0	0
0.30000000000000004	0.96	0	0	0
0.30000000000000004	0.9700000000000002	0	0	0
0.30000000000000004	0.98	0	0	0
0.30000000000000004	0.9900000000000002	0	0	0
0.30000000000000004	1.	0	0	0
0.4	-1.5	0	0	0
0.4	-1.49	0	0	0
0.4	-1.48	0	0	0
0.4	-1.47	0	0	0
0.4	-1.46	0	0	0
0.4	-1.45	0	0	0
0.4	-1.44	0	0	0
0.4	-1.43	0	0	0
0.4	-1.42	0	0	0
0.4	-1.41	0	0	0
0.4	-1.4	0	0	0
0.4	-1.39	0	0	0
0.4	-1.38	0	0	0
0.4	-1.37	0	0	0
0.4	-1.3599999999999999	0	0	0
0.4	-1.35	0	0	0
0.4	-1.34	0	0	0
0.4	-1.33	0	0	0
0.4	-1.32	0	0	0
0.4	-1.31	0	0	0
0.4	-1.3	0	0	0
0.4	-1.29	0	0	0
0.4	-1.28	0	0	0
0.4	-1.27	0	0	0
0.4	-1.26	0	0	0
0.4	-1.25	0	0	0
0.4	-1.24	0	0	0
0.4	-1.23	0	0	0
0.4	-1.22	0	0	0
0.4	-1.21	0	0	0
0.4	-1.2	0	0	0
0.4	-1.19	0	0	0
0.4	-1.18	0	0	0
0.4	-1.17	0	0	0
0.4	-1.16	0	0	0
0.4	-1.15	0	0	0
0.4	-1.1400000000000001	0	0	0
0.4	-1.13	0	0	0
0.4	-1.12	0	0	0
0.4	-1.1099999999999999	0	0	0
0.4	-1.1	0	0	0
0.4	-1.0899999999999999	0	0	0
0.4	-1.08	0	0	0
0.4	-1.07	0	0	0
0.4	-1.06	0	0	0
0.4	-1.05	0	0	0
0.4	-1.04	0	0	0
0.4	-1.03	0	0	0
0.4	-1.02	0	0	0
0.4	-1.01	0	0	0
0.4	-1.	0	0	0
0.4	-0.99	0	0	0
0.4	-0.98	0	0	0
0.4	-0.97	0	0	0
0.4	-0.96	0	0	0
0.4	-0.95	0	0	0
0.4	-0.94	0	0	0
0.4	-0.9299999999999999	0	0	0
0.4	-0.92	0	0	0
0.4	-0.91	0	0	0
0.4	-0.9	0	0	0
0.4	-0.89	0	0	0
0.4	-0.88	0	0	0
0.4	-0.87	0	0	0
0.4	-0.86	0	0	0
0.4	-0.85	0	0	0
0.4	-0.84	0	0	0
0.4	-0.83	0	0	0
0.4	-0.82	0	0	0
0.4	-0.8099999999999999	0	0	0
0.4	-0.7999999999999999	0	0	0
0.4	-0.79	0	0	0
0.4	-0.78	0	0	0
0.4	-0.77	0	0	0
0.4	-0.76	0	0	0
0.4	-0.75	0	0	0
0.4	-0.74	0	0	0
0.4	-0.73	0	0	0
0.4	-0.72	0	0	0
0.4	-0.71	0	0	0
0.4	-0.7	0	0	0
0.4	-0.69	0	0	0
0.4	-0.6799999999999999	0	0	0
0.4	-0.6699999999999999	0	0	0
0.4	-0.66	0	0	0
0.4	-0.65	0	0	0
0.4	-0.64	0	0	0
0.4	-0.63	0	0	0
0.4	-0.62	0	0	0
0.4	-0.61	0	0	0
0.4	-0.6	0	0	0
0.4	-0.59	0	0	0
0.4	-0.58	0	0	0
0.4	-0.57	0	0	0
0.4	-0.5599999999999999	0	0	0
0.4	-0.5499999999999999	0	0	0
0.4	-0.54	0	0	0
0.4	-0.53	0	0	0
0.4	-0.52	0	0	0
0.4	-0.51	0	0	0
0.4	-0.5	0	0	0
0.4	-0.49	0	0	0
0.4	-0.48	0	0	0
0.4	-0.47	0	0	0
0.4	-0.45999999999999996	0	0	0
0.4	-0.44999999999999996	0	0	0
0.4	-0.43999999999999995	0	0	0
0.4	-0.42999999999999994	0	0	0
0.4	-0.41999999999999993	0	0	0
0.4	-0.4099999999999999	0	0	0
0.4	-0.3999999999999999	0	0	0
0.4	-0.3899999999999999	0	0	0
0.4	-0.3799999999999999	0	0	0
0.4	-0.3699999999999999	0	0	0
0.4	-0.3599999999999999	0	0	0
0.4	-0.34999999999999987	0	0	0
0.4	-0.3400000000000001	0	0	0
0.4	-0.33000000000000007	0	0	0
0.4	-0.32000000000000006	0	0	0
0.4	-0.31000000000000005	0	0	0
0.4	-0.30000000000000004	1	8.395472545910665e25	7.099162111045163e-14
0.4	-0.29000000000000004	1	8.306440628153073e25	7.206692750356183e-14
0.4	-0.28	1	8.214123462527182e25	7.322801139209337e-14
0.4	-0.27	1	8.11831748560747e25	7.448446305032505e-14
0.4	-0.26	1	8.018800148680695e25	7.584734937804674e-14
0.4	-0.25	1	7.91532742463882e25	7.73295092665405e-14
0.4	-0.24	1	7.807630876805733e25	7.894592280803753e-14
0.4	-0.22999999999999998	1	7.695414190841087e25	8.071417682287812e-14
0.4	-0.21999999999999997	1	7.578349043116597e25	8.265505735105702e-14
0.4	-0.20999999999999996	1	7.456070141754734e25	8.479331142977497e-14
0.4	-0.19999999999999996	1	7.328169226011941e25	8.715863740727788e-14
0.4	-0.18999999999999995	1	7.19418774019127e25	8.978698799076758e-14
0.4	-0.17999999999999994	1	7.053607801226459e25	9.272230764742148e-14
0.4	-0.16999999999999993	1	6.905840941369236e25	9.601888321006748e-14
0.4	-0.15999999999999992	1	6.7502139084897555e25	9.974457596485605e-14
0.4	-0.1499999999999999	1	6.5859505134522425e25	1.0398534657954756e-13
0.4	-0.1399999999999999	1	6.412148072761388e25	1.0885171929313271e-13
0.4	-0.1299999999999999	1	6.2277463137253486e25	1.1448822958490622e-13
0.4	-0.11999999999999988	1	6.031485529065124e25	1.2108759568657215e-13
0.4	-0.10999999999999988	1	5.8218489991405184e25	1.2891262001998089e-13
0.4	-0.09999999999999987	1	5.59698169727645e25	1.3833123150924257e-13
0.4	-0.09000000000000008	1	5.354571977167422e25	1.4987488944826194e-13
0.4	-0.08000000000000007	1	5.091673049583916e25	1.643407902858872e-13
0.4	-0.07000000000000006	1	4.8044215253706725e25	1.8298168024778037e-13
0.4	-0.06000000000000005	1	4.487568838128906e25	2.0788548060643874e-13
0.4	-0.050000000000000044	1	4.1336449326155755e25	2.428104633092954e-13
0.4	-0.040000000000000036	1	3.731321131524697e25	2.95273190094997e-13
0.4	-0.030000000000000027	1	3.261761516672922e25	3.828123299086458e-13
0.4	-0.020000000000000018	1	2.6887030382151324e25	5.580439286703475e-13
0.4	-0.010000000000000009	1	1.9197488843418738e25	1.0840482978786673e-12
0.4	0.	1	6.784133274405858e21	8.59505486382212e-6
0.4	0.010000000000000009	1	8.640415472643376e14	5.403606801976801e8
0.4	0.020000000000000018	1	4.487476186920171e14	2.0414590489876354e9
0.4	0.030000000000000027	1	3.103217317147164e14	4.347227703747106e9
0.4	0.040000000000000036	1	2.411128500431987e14	7.328389666470324e9
0.4	0.050000000000000044	1	1.9959076623841066e14	1.0877282011449005e10
0.4	0.06000000000000005	1	1.7191207767077334e14	1.4903798778078783e10
0.4	0.07000000000000006	1	1.5214389737154247e14	1.933218577168031e10
0.4	0.08000000000000007	1	1.3731978174567672e14	2.4098489574063404e10
0.4	0.09000000000000008	1	1.2579170647615212e14	2.914851317310382e10
0.4	0.10000000000000009	1	1.1657085688570934e14	3.4436166994058495e10
0.4	0.1100000000000001	1	1.0902798719221267e14	3.992213079679212e10
0.4	0.1200000000000001	1	1.0274360013634689e14	4.557276166039625e10
0.4	0.13000000000000012	1	9.742727447346939e13	5.13591980367635e10
0.4	0.14000000000000012	1	9.287156639753989e13	5.725662097362746e10
0.4	0.15000000000000013	1	8.892435039549094e13	6.324364204954596e10
0.4	0.16000000000000014	1	8.547153228122095e13	6.930179402040326e10
0.4	0.16999999999999993	1	8.242586351171839e13	7.541510515058327e10
0.4	0.17999999999999994	1	7.971948406448681e13	8.156974205831917e10
0.4	0.18999999999999995	1	7.729882019579284e13	8.77537089136426e10
0.4	0.19999999999999996	1	7.512101287144728e13	9.395659318911095e10
0.4	0.20999999999999996	1	7.315136664594219e13	1.0016935002779462e11
0.4	0.21999999999999997	1	7.136149430183017e13	1.063841187726034e11
0.4	0.22999999999999998	0	0	0
0.4	0.24	0	0	0
0.4	0.25	0	0	0
0.4	0.26	0	0	0
0.4	0.27	0	0	0
0.4	0.28	0	0	0
0.4	0.29000000000000004	0	0	0
0.4	0.30000000000000004	0	0	0
0.4	0.31000000000000005	0	0	0
0.4	0.32000000000000006	0	0	0
0.4	0.33000000000000007	0	0	0
0.4	0.3400000000000001	0	0	0
0.4	0.3500000000000001	0	0	0
0.4	0.3600000000000001	0	0	0
0.4	0.3700000000000001	0	0	0
0.4	0.3800000000000001	0	0	0
0.4	0.3900000000000001	0	0	0
0.4	0.40000000000000013	0	0	0
0.4	0.41000000000000014	0	0	0
0.4	0.41999999999999993	0	0	0
0.4	0.42999999999999994	0	0	0
0.4	0.43999999999999995	0	0	0
0.4	0.44999999999999996	0	0	0
0.4	0.45999999999999996	0	0	0
0.4	0.47	0	0	0
0.4	0.48	0	0	0
0.4	0.49	0	0	0
0.4	0.5	0	0	0
0.4	0.5100000000000002	0	0	0
0.4	0.52	0	0	0
0.4	0.5300000000000002	0	0	0
0.4	0.54	0	0	0
0.4	0.5499999999999998	0	0	0
0.4	0.56	0	0	0
0.4	0.5699999999999998	0	0	0
0.4	0.5800000000000001	0	0	0
0.4	0.5899999999999999	0	0	0
0.4	0.6000000000000001	0	0	0
0.4	0.6099999999999999	0	0	0
0.4	0.6200000000000001	0	0	0
0.4	0.6299999999999999	0	0	0
0.4	0.6400000000000001	0	0	0
0.4	0.6499999999999999	0	0	0
0.4	0.6600000000000001	0	0	0
0.4	0.6699999999999999	0	0	0
0.4	0.6800000000000002	0	0	0
0.4	0.69	0	0	0
0.4	0.7000000000000002	0	0	0
0.4	0.71	0	0	0
0.4	0.7200000000000002	0	0	0
0.4	0.73	0	0	0
0.4	0.7400000000000002	0	0	0
0.4	0.75	0	0	0
0.4	0.7600000000000002	0	0	0
0.4	0.77	0	0	0
0.4	0.7800000000000002	0	0	0
0.4	0.79	0	0	0
0.4	0.8000000000000003	0	0	0
0.4	0.81	0	0	0
0.4	0.8199999999999998	0	0	0
0.4	0.8300000000000001	0	0	0
0.4	0.8399999999999999	0	0	0
0.4	0.8500000000000001	0	0	0
0.4	0.8599999999999999	0	0	0
0.4	0.8700000000000001	0	0	0
0.4	0.8799999999999999	0	0	0
0.4	0.8900000000000001	0	0	0
0.4	0.8999999999999999	0	0	0
0.4	0.9100000000000001	0	0	0
0.4	0.9199999999999999	0	0	0
0.4	0.9300000000000002	0	0	0
0.4	0.94	0	0	0
0.4	0.9500000000000002	0	0	0
0.4	0.96	0	0	0
0.4	0.9700000000000002	0	0	0
0.4	0.98	0	0	0
0.4	0.9900000000000002	0	0	0
0.4	1.	0	0	0
0.5	-1.5	0	0	0
0.5	-1.49	0	0	0
0.5	-1.48	0	0	0
0.5	-1.47	0	0	0
0.5	-1.46	0	0	0
0.5	-1.45	0	0	0
0.5	-1.44	0	0	0
0.5	-1.43	0	0	0
0.5	-1.42	0	0	0
0.5	-1.41	0	0	0
0.5	-1.4	0	0	0
0.5	-1.39	0	0	0
0.5	-1.38	0	0	0
0.5	-1.37	0	0	0
0.5	-1.3599999999999999	0	0	0
0.5	-1.35	0	0	0
0.5	-1.34	0	0	0
0.5	-1.33	0	0	0
0.5	-1.32	0	0	0
0.5	-1.31	0	0	0
0.5	-1.3	0	0	0
0.5	-1.29	0	0	0
0.5	-1.28	0	0	0
0.5	-1.27	0	0	0
0.5	-1.26	0	0	0
0.5	-1.25	0	0	0
0.5	-1.24	0	0	0
0.5	-1.23	0	0	0
0.5	-1.22	0	0	0
0.5	-1.21	0	0	0
0.5	-1.2	0	0	0
0.5	-1.19	0	0	0
0.5	-1.18	0	0	0
0.5	-1.17	0	0	0
0.5	-1.16	0	0	0
0.5	-1.15	0	0	0
0.5	-1.1400000000000001	0	0	0
0.5	-1.13	0	0	0
0.5	-1.12	0	0	0
0.5	-1.1099999999999999	0	0	0
0.5	-1.1	0	0	0
0.5	-1.0899999999999999	0	0	0
0.5	-1.08	0	0	0
0.5	-1.07	0	0	0
0.5	-1.06	0	0	0
0.5	-1.05	0	0	0
0.5	-1.04	0	0	0
0.5	-1.03	0	0	0
0.5	-1.02	0	0	0
0.5	-1.01	0	0	0
0.5	-1.	0	0	0
0.5	-0.99	0	0	0
0.5	-0.98	0	0	0
0.5	-0.97	0	0	0
0.5	-0.96	0	0	0
0.5	-0.95	0	0	0
0.5	-0.94	0	0	0
0.5	-0.9299999999999999	0	0	0
0.5	-0.92	0	0	0
0.5	-0.91	0	0	0
0.5	-0.9	0	0	0
0.5	-0.89	0	0	0
0.5	-0.88	0	0	0
0.5	-0.87	0	0	0
0.5	-0.86	0	0	0
0.5	-0.85	0	0	0
0.5	-0.84	0	0	0
0.5	-0.83	0	0	0
0.5	-0.82	0	0	0
0.5	-0.8099999999999999	0	0	0
0.5	-0.7999999999999999	0	0	0
0.5	-0.79	0	0	0
0.5	-0.78	0	0	0
0.5	-0.77	0	0	0
0.5	-0.76	0	0	0
0.5	-0.75	0	0	0
0.5	-0.74	0	0	0
0.5	-0.73	0	0	0
0.5	-0.72	0	0	0
0.5	-0.71	0	0	0
0.5	-0.7	0	0	0
0.5	-0.69	0	0	0
0.5	-0.6799999999999999	0	0	0
0.5	-0.6699999999999999	0	0	0
0.5	-0.66	0	0	0
0.5	-0.65	0	0	0
0.5	-0.64	0	0	0
0.5	-0.63	0	0	0
0.5	-0.62	0	0	0
0.5	-0.61	0	0	0
0.5	-0.6	0	0	0
0.5	-0.59	0	0	0
0.5	-0.58	0	0	0
0.5	-0.57	0	0	0
0.5	-0.5599999999999999	0	0	0
0.5	-0.5499999999999999	0	0	0
0.5	-0.54	0	0	0
0.5	-0.53	0	0	0
0.5	-0.52	0	0	0
0.5	-0.51	0	0	0
0.5	-0.5	0	0	0
0.5	-0.49	0	0	0
0.5	-0.48	0	0	0
0.5	-0.47	0	0	0
0.5	-0.45999999999999996	0	0	0
0.5	-0.44999999999999996	0	0	0
0.5	-0.43999999999999995	0	0	0
0.5	-0.42999999999999994	0	0	0
0.5	-0.41999999999999993	0	0	0
0.5	-0.4099999999999999	0	0	0
0.5	-0.3999999999999999	0	0	0
0.5	-0.3899999999999999	0	0	0
0.5	-0.3799999999999999	0	0	0
0.5	-0.3699999999999999	0	0	0
0.5	-0.3599999999999999	0	0	0
0.5	-0.34999999999999987	0	0	0
0.5	-0.3400000000000001	0	0	0
0.5	-0.33000000000000007	1	8.644650421610867e25	6.820191457674695e-14
0.5	-0.32000000000000006	1	8.564412464696268e25	6.906597832263494e-14
0.5	-0.31000000000000005	1	8.481405926902631e25	6.999374036707049e-14
0.5	-0.30000000000000004	1	8.395472545910665e25	7.099162111045163e-14
0.5	-0.29000000000000004	1	8.306440628153073e25	7.206692750356183e-14
0.5	-0.28	1	8.214123462527182e25	7.322801139209337e-14
0.5	-0.27	1	8.11831748560747e25	7.448446305032505e-14
0.5	-0.26	1	8.018800148680695e25	7.584734937804674e-14
0.5	-0.25	1	7.91532742463882e25	7.73295092665405e-14
0.5	-0.24	1	7.807630876805733e25	7.894592280803753e-14
0.5	-0.22999999999999998	1	7.695414190841087e25	8.071417682287812e-14
0.5	-0.21999999999999997	1	7.578349043116597e25	8.265505735105702e-14
0.5	-0.20999999999999996	1	7.456070141754734e25	8.479331142977497e-14
0.5	-0.19999999999999996	1	7.328169226011941e25	8.715863740727788e-14
0.5	-0.18999999999999995	1	7.19418774019127e25	8.978698799076758e-14
0.5	-0.17999999999999994	1	7.053607801226459e25	9.272230764742148e-14
0.5	-0.16999999999999993	1	6.905840941369236e25	9.601888321006748e-14
0.5	-0.15999999999999992	1	6.7502139084897555e25	9.974457596485605e-14
0.5	-0.1499999999999999	1	6.5859505134522425e25	1.0398534657954756e-13
0.5	-0.1399999999999999	1	6.412148072761388e25	1.0885171929313271e-13
0.5	-0.1299999999999999	1	6.2277463137253486e25	1.1448822958490622e-13
0.5	-0.11999999999999988	1	6.031485529065124e25	1.2108759568657215e-13
0.5	-0.10999999999999988	1	5.8218489991405184e25	1.2891262001998089e-13
0.5	-0.09999999999999987	1	5.59698169727645e25	1.3833123150924257e-13
0.5	-0.09000000000000008	1	5.354571977167422e25	1.4987488944826194e-13
0.5	-0.08000000000000007	1	5.091673049583916e25	1.643407902858872e-13
0.5	-0.07000000000000006	1	4.8044215253706725e25	1.8298168024778037e-13
0.5	-0.06000000000000005	1	4.487568838128906e25	2.0788548060643874e-13
0.5	-0.050000000000000044	1	4.1336449326155755e25	2.428104633092954e-13
0.5	-0.040000000000000036	1	3.731321131524697e25	2.95273190094997e-13
0.5	-0.030000000000000027	1	3.261761516672922e25	3.828123299086458e-13
0.5	-0.020000000000000018	1	2.6887030382151324e25	5.580439286703475e-13
0.5	-0.010000000000000009	1	1.9197488843418738e25	1.0840482978786673e-12
0.5	0.	1	6.784133274405858e21	8.59505486382212e-6
0.5	0.010000000000000009	1	8.640415472643376e14	5.403606801976801e8
0.5	0.020000000000000018	1	4.487476186920171e14	2.0414590489876354e9
0.5	0.030000000000000027	1	3.103217317147164e14	4.347227703747106e9
0.5	0.040000000000000036	1	2.411128500431987e14	7.328389666470324e9
0.5	0.050000000000000044	1	1.9959076623841066e14	1.0877282011449005e10
0.5	0.06000000000000005	1	1.7191207767077334e14	1.4903798778078783e10
0.5	0.07000000000000006	1	1.5214389737154247e14	1.933218577168031e10
0.5	0.08000000000000007	1	1.3731978174567672e14	2.4098489574063404e10
0.5	0.09000000000000008	1	1.2579170647615212e14	2.914851317310382e10
0.5	0.10000000000000009	1	1.1657085688570934e14	3.4436166994058495e10
0.5	0.1100000000000001	1	1.0902798719221267e14	3.992213079679212e10
0.5	0.1200000000000001	1	1.0274360013634689e14	4.557276166039625e10
0.5	0.13000000000000012	1	9.742727447346939e13	5.13591980367635e10
0.5	0.14000000000000012	1	9.287156639753989e13	5.725662097362746e10
0.5	0.15000000000000013	1	8.892435039549094e13	6.324364204954596e10
0.5	0.16000000000000014	1	8.547153228122095e13	6.930179402040326e10
0.5	0.16999999999999993	1	8.242586351171839e13	7.541510515058327e10
0.5	0.17999999999999994	1	7.971948406448681e13	8.156974205831917e10
0.5	0.18999999999999995	1	7.729882019579284e13	8.77537089136426e10
0.5	0.19999999999999996	1	7.512101287144728e13	9.395659318911095e10
0.5	0.20999999999999996	1	7.315136664594219e13	1.0016935002779462e11
0.5	0.21999999999999997	1	7.136149430183017e13	1.063841187726034e11
0.5	0.22999999999999998	1	6.972794549622842e13	1.1259406638135059e11
0.5	0.24	1	6.8231178245702664e13	1.1879325339815703e11
0.5	0.25	1	6.68547772547842e13	1.2497651891387804e11
0.5	0.26	1	6.558485263021874e13	1.3113938156477606e11
0.5	0.27	1	6.440957221427561e13	1.3727795411959105e11
0.5	0.28	0	0	0
0.5	0.29000000000000004	0	0	0
0.5	0.30000000000000004	0	0	0
0.5	0.31000000000000005	0	0	0
0.5	0.32000000000000006	0	0	0
0.5	0.33000000000000007	0	0	0
0.5	0.3400000000000001	0	0	0
0.5	0.3500000000000001	0	0	0
0.5	0.3600000000000001	0	0	0
0.5	0.3700000000000001	0	0	0
0.5	0.3800000000000001	0	0	0
0.5	0.3900000000000001	0	0	0
0.5	0.40000000000000013	0	0	0
0.5	0.41000000000000014	0	0	0
0.5	0.41999999999999993	0	0	0
0.5	0.42999999999999994	0	0	0
0.5	0.43999999999999995	0	0	0
0.5	0.44999999999999996	0	0	0
0.5	0.45999999999999996	0	0	0
0.5	0.47	0	0	0
0.5	0.48	0	0	0
0.5	0.49	0	0	0
0.5	0.5	0	0	0
0.5	0.5100000000000002	0	0	0
0.5	0.52	0	0	0
0.5	0.5300000000000002	0	0	0
0.5	0.54	0	0	0
0.5	0.5499999999999998	0	0	0
0.5	0.56	0	0	0
0.5	0.5699999999999998	0	0	0
0.5	0.5800000000000001	0	0	0
0.5	0.5899999999999999	0	0	0
0.5	0.6000000000000001	0	0	0
0.5	0.6099999999999999	0	0	0
0.5	0.6200000000000001	0	0	0
0.5	0.6299999999999999	0	0	0
0.5	0.6400000000000001	0	0	0
0.5	0.6499999999999999	0	0	0
0.5	0.6600000000000001	0	0	0
0.5	0.6699999999999999	0	0	0
0.5	0.6800000000000002	0	0	0
0.5	0.69	0	0	0
0.5	0.7000000000000002	0	0	0
0.5	0.71	0	0	0
0.5	0.7200000000000002	0	0	0
0.5	0.73	0	0	0
0.5	0.7400000000000002	0	0	0
0.5	0.75	0	0	0
0.5	0.7600000000000002	0	0	0
0.5	0.77	0	0	0
0.5	0.7800000000000002	0	0	0
0.5	0.79	0	0	0
0.5	0.8000000000000003	0	0	0
0.5	0.81	0	0	0
0.5	0.8199999999999998	0	0	0
0.5	0.8300000000000001	0	0	0
0.5	0.8399999999999999	0	0	0
0.5	0.8500000000000001	0	0	0
0.5	0.8599999999999999	0	0	0
0.5	0.8700000000000001	0	0	0
0.5	0.8799999999999999	0	0	0
0.5	0.8900000000000001	0	0	0
0.5	0.8999999999999999	0	0	0
0.5	0.9100000000000001	0	0	0
0.5	0.9199999999999999	0	0	0
0.5	0.9300000000000002	0	0	0
0.5	0.94	0	0	0
0.5	0.9500000000000002	0	0	0
0.5	0.96	0	0	0
0.5	0.9700000000000002	0	0	0
0.5	0.98	0	0	0
0.5	0.9900000000000002	0	0	0
0.5	1.	0	0	0
0.6	-1.5	0	0	0
0.6	-1.49	0	0	0
0.6	-1.48	0	0	0
0.6	-1.47	0	0	0
0.6	-1.46	0	0	0
0.6	-1.45	0	0	0
0.6	-1.44	0	0	0
0.6	-1.43	0	0	0
0.6	-1.42	0	0	0
0.6	-1.41	0	0	0
0.6	-1.4	0	0	0
0.6	-1.39	0	0	0
0.6	-1.38	0	0	0
0.6	-1.37	0	0	0
0.6	-1.3599999999999999	0	0	0
0.6	-1.35	0	0	0
0.6	-1.34	0	0	0
0.6	-1.33	0	0	0
0.6	-1.32	0	0	0
0.6	-1.31	0	0	0
0.6	-1.3	0	0	0
0.6	-1.29	0	0	0
0.6	-1.28	0	0	0
0.6	-1.27	0	0	0
0.6	-1.26	0	0	0
0.6	-1.25	0	0	0
0.6	-1.24	0	0	0
0.6	-1.23	0	0	0
0.6	-1.22	0	0	0
0.6	-1.21	0	0	0
0.6	-1.2	0	0	0
0.6	-1.19	0	0	0
0.6	-1.18	0	0	0
0.6	-1.17	0	0	0
0.6	-1.16	0	0	0
0.6	-1.15	0	0	0
0.6	-1.1400000000000001	0	0	0
0.6	-1.13	0	0	0
0.6	-1.12	0	0	0
0.6	-1.1099999999999999	0	0	0
0.6	-1.1	0	0	0
0.6	-1.0899999999999999	0	0	0
0.6	-1.08	0	0	0
0.6	-1.07	0	0	0
0.6	-1.06	0	0	0
0.6	-1.05	0	0	0
0.6	-1.04	0	0	0
0.6	-1.03	0	0	0
0.6	-1.02	0	0	0
0.6	-1.01	0	0	0
0.6	-1.	0	0	0
0.6	-0.99	0	0	0
0.6	-0.98	0	0	0
0.6	-0.97	0	0	0
0.6	-0.96	0	0	0
0.6	-0.95	0	0	0
0.6	-0.94	0	0	0
0.6	-0.9299999999999999	0	0	0
0.6	-0.92	0	0	0
0.6	-0.91	0	0	0
0.6	-0.9	0	0	0
0.6	-0.89	0	0	0
0.6	-0.88	0	0	0
0.6	-0.87	0	0	0
0.6	-0.86	0	0	0
0.6	-0.85	0	0	0
0.6	-0.84	0	0	0
0.6	-0.83	0	0	0
0.6	-0.82	0	0	0
0.6	-0.8099999999999999	0	0	0
0.6	-0.7999999999999999	0	0	0
0.6	-0.79	0	0	0
0.6	-0.78	0	0	0
0.6	-0.77	0	0	0
0.6	-0.76	0	0	0
0.6	-0.75	0	0	0
0.6	-0.74	0	0	0
0.6	-0.73	0	0	0
0.6	-0.72	0	0	0
0.6	-0.71	0	0	0
0.6	-0.7	0	0	0
0.6	-0.69	0	0	0
0.6	-0.6799999999999999	0	0	0
0.6	-0.6699999999999999	0	0	0
0.6	-0.66	0	0	0
0.6	-0.65	0	0	0
0.6	-0.64	0	0	0
0.6	-0.63	0	0	0
0.6	-0.62	0	0	0
0.6	-0.61	0	0	0
0.6	-0.6	0	0	0
0.6	-0.59	0	0	0
0.6	-0.58	0	0	0
0.6	-0.57	0	0	0
0.6	-0.5599999999999999	0	0	0
0.6	-0.5499999999999999	0	0	0
0.6	-0.54	0	0	0
0.6	-0.53	0	0	0
0.6	-0.52	0	0	0
0.6	-0.51	0	0	0
0.6	-0.5	0	0	0
0.6	-0.49	0	0	0
0.6	-0.48	0	0	0
0.6	-0.47	0	0	0
0.6	-0.45999999999999996	0	0	0
0.6	-0.44999999999999996	0	0	0
0.6	-0.43999999999999995	0	0	0
0.6	-0.42999999999999994	0	0	0
0.6	-0.41999999999999993	0	0	0
0.6	-0.4099999999999999	0	0	0
0.6	-0.3999999999999999	0	0	0
0.6	-0.3899999999999999	0	0	0
0.6	-0.3799999999999999	0	0	0
0.6	-0.3699999999999999	0	0	0
0.6	-0.3599999999999999	0	0	0
0.6	-0.34999999999999987	1	8.79739457762048e25	6.664287308474855e-14
0.6	-0.3400000000000001	1	8.72226600663482e25	6.739588487913502e-14
0.6	-0.33000000000000007	1	8.644650421610867e25	6.820191457674695e-14
0.6	-0.32000000000000006	1	8.564412464696268e25	6.906597832263494e-14
0.6	-0.31000000000000005	1	8.481405926902631e25	6.999374036707049e-14
0.6	-0.30000000000000004	1	8.395472545910665e25	7.099162111045163e-14
0.6	-0.29000000000000004	1	8.306440628153073e25	7.206692750356183e-14
0.6	-0.28	1	8.214123462527182e25	7.322801139209337e-14
0.6	-0.27	1	8.11831748560747e25	7.448446305032505e-14
0.6	-0.26	1	8.018800148680695e25	7.584734937804674e-14
0.6	-0.25	1	7.91532742463882e25	7.73295092665405e-14
0.6	-0.24	1	7.807630876805733e25	7.894592280803753e-14
0.6	-0.22999999999999998	1	7.695414190841087e25	8.071417682287812e-14
0.6	-0.21999999999999997	1	7.578349043116597e25	8.265505735105702e-14
0.6	-0.20999999999999996	1	7.456070141754734e25	8.479331142977497e-14
0.6	-0.19999999999999996	1	7.328169226011941e25	8.715863740727788e-14
0.6	-0.18999999999999995	1	7.19418774019127e25	8.978698799076758e-14
0.6	-0.17999999999999994	1	7.053607801226459e25	9.272230764742148e-14
0.6	-0.16999999999999993	1	6.905840941369236e25	9.601888321006748e-14
0.6	-0.15999999999999992	1	6.7502139084897555e25	9.974457596485605e-14
0.6	-0.1499999999999999	1	6.5859505134522425e25	1.0398534657954756e-13
0.6	-0.1399999999999999	1	6.412148072761388e25	1.0885171929313271e-13
0.6	-0.1299999999999999	1	6.2277463137253486e25	1.1448822958490622e-13
0.6	-0.11999999999999988	1	6.031485529065124e25	1.2108759568657215e-13
0.6	-0.10999999999999988	1	5.8218489991405184e25	1.2891262001998089e-13
0.6	-0.09999999999999987	1	5.59698169727645e25	1.3833123150924257e-13
0.6	-0.09000000000000008	1	5.354571977167422e25	1.4987488944826194e-13
0.6	-0.08000000000000007	1	5.091673049583916e25	1.643407902858872e-13
0.6	-0.07000000000000006	1	4.8044215253706725e25	1.8298168024778037e-13
0.6	-0.06000000000000005	1	4.487568838128906e25	2.0788548060643874e-13
0.6	-0.050000000000000044	1	4.1336449326155755e25	2.428104633092954e-13
0.6	-0.040000000000000036	1	3.731321131524697e25	2.95273190094997e-13
0.6	-0.030000000000000027	1	3.261761516672922e25	3.828123299086458e-13
0.6	-0.020000000000000018	1	2.6887030382151324e25	5.580439286703475e-13
0.6	-0.010000000000000009	1	1.9197488843418738e25	1.0840482978786673e-12
0.6	0.	1	6.784133274405858e21	8.59505486382212e-6
0.6	0.010000000000000009	1	8.640415472643376e14	5.403606801976801e8
0.6	0.020000000000000018	1	4.487476186920171e14	2.0414590489876354e9
0.6	0.030000000000000027	1	3.103217317147164e14	4.347227703747106e9
0.6	0.040000000000000036	1	2.411128500431987e14	7.328389666470324e9
0.6	0.050000000000000044	1	1.9959076623841066e14	1.0877282011449005e10
0.6	0.06000000000000005	1	1.7191207767077334e14	1.4903798778078783e10
0.6	0.07000000000000006	1	1.5214389737154247e14	1.933218577168031e10
0.6	0.08000000000000007	1	1.3731978174567672e14	2.4098489574063404e10
0.6	0.09000000000000008	1	1.2579170647615212e14	2.914851317310382e10
0.6	0.10000000000000009	1	1.1657085688570934e14	3.4436166994058495e10
0.6	0.1100000000000001	1	1.0902798719221267e14	3.992213079679212e10
0.6	0.1200000000000001	1	1.0274360013634689e14	4.557276166039625e10
0.6	0.13000000000000012	1	9.742727447346939e13	5.13591980367635e10
0.6	0.14000000000000012	1	9.287156639753989e13	5.725662097362746e10
0.6	0.15000000000000013	1	8.892435039549094e13	6.324364204954596e10
0.6	0.16000000000000014	1	8.547153228122095e13	6.930179402040326e10
0.6	0.16999999999999993	1	8.242586351171839e13	7.541510515058327e10
0.6	0.17999999999999994	1	7.971948406448681e13	8.156974205831917e10
0.6	0.18999999999999995	1	7.729882019579284e13	8.77537089136426e10
0.6	0.19999999999999996	1	7.512101287144728e13	9.395659318911095e10
0.6	0.20999999999999996	1	7.315136664594219e13	1.0016935002779462e11
0.6	0.21999999999999997	1	7.136149430183017e13	1.063841187726034e11
0.6	0.22999999999999998	1	6.972794549622842e13	1.1259406638135059e11
0.6	0.24	1	6.8231178245702664e13	1.1879325339815703e11
0.6	0.25	1	6.68547772547842e13	1.2497651891387804e11
0.6	0.26	1	6.558485263021874e13	1.3113938156477606e11
0.6	0.27	1	6.440957221427561e13	1.3727795411959105e11
0.6	0.28	1	6.331879413235192e13	1.4338886961383182e11
0.6	0.29000000000000004	1	6.230377536521422e13	1.494692173248253e11
0.6	0.30000000000000004	1	6.13569386067952e13	1.5551648715623566e11
0.6	0.31000000000000005	1	6.047168424629105e13	1.6152852122781198e11
0.6	0.32000000000000006	0	0	0
0.6	0.33000000000000007	0	0	0
0.6	0.3400000000000001	0	0	0
0.6	0.3500000000000001	0	0	0
0.6	0.3600000000000001	0	0	0
0.6	0.3700000000000001	0	0	0
0.6	0.3800000000000001	0	0	0
0.6	0.3900000000000001	0	0	0
0.6	0.40000000000000013	0	0	0
0.6	0.41000000000000014	0	0	0
0.6	0.41999999999999993	0	0	0
0.6	0.42999999999999994	0	0	0
0.6	0.43999999999999995	0	0	0
0.6	0.44999999999999996	0	0	0
0.6	0.45999999999999996	0	0	0
0.6	0.47	0	0	0
0.6	0.48	0	0	0
0.6	0.49	0	0	0
0.6	0.5	0	0	0
0.6	0.5100000000000002	0	0	0
0.6	0.52	0	0	0
0.6	0.5300000000000002	0	0	0
0.6	0.54	0	0	0
0.6	0.5499999999999998	0	0	0
0.6	0.56	0	0	0
0.6	0.5699999999999998	0	0	0
0.6	0.5800000000000001	0	0	0
0.6	0.5899999999999999	0	0	0
0.6	0.6000000000000001	0	0	0
0.6	0.6099999999999999	0	0	0
0.6	0.6200000000000001	0	0	0
0.6	0.6299999999999999	0	0	0
0.6	0.6400000000000001	0	0	0
0.6	0.6499999999999999	0	0	0
0.6	0.6600000000000001	0	0	0
0.6	0.6699999999999999	0	0	0
0.6	0.6800000000000002	0	0	0
0.6	0.69	0	0	0
0.6	0.7000000000000002	0	0	0
0.6	0.71	0	0	0
0.6	0.7200000000000002	0	0	0
0.6	0.73	0	0	0
0.6	0.7400000000000002	0	0	0
0.6	0.75	0	0	0
0.6	0.7600000000000002	0	0	0
0.6	0.77	0	0	0
0.6	0.7800000000000002	0	0	0
0.6	0.79	0	0	0
0.6	0.8000000000000003	0	0	0
0.6	0.81	0	0	0
0.6	0.8199999999999998	0	0	0
0.6	0.8300000000000001	0	0	0
0.6	0.8399999999999999	0	0	0
0.6	0.8500000000000001	0	0	0
0.6	0.8599999999999999	0	0	0
0.6	0.8700000000000001	0	0	0
0.6	0.8799999999999999	0	0	0
0.6	0.8900000000000001	0	0	0
0.6	0.8999999999999999	0	0	0
0.6	0.9100000000000001	0	0	0
0.6	0.9199999999999999	0	0	0
0.6	0.9300000000000002	0	0	0
0.6	0.94	0	0	0
0.6	0.9500000000000002	0	0	0
0.6	0.96	0	0	0
0.6	0.9700000000000002	0	0	0
0.6	0.98	0	0	0
0.6	0.9900000000000002	0	0	0
0.6	1.	0	0	0
0.7000000000000001	-1.5	0	0	0
0.7000000000000001	-1.49	0	0	0
0.7000000000000001	-1.48	0	0	0
0.7000000000000001	-1.47	0	0	0
0.7000000000000001	-1.46	0	0	0
0.7000000000000001	-1.45	0	0	0
0.7000000000000001	-1.44	0	0	0
0.7000000000000001	-1.43	0	0	0
0.7000000000000001	-1.42	0	0	0
0.7000000000000001	-1.41	0	0	0
0.7000000000000001	-1.4	0	0	0
0.7000000000000001	-1.39	0	0	0
0.7000000000000001	-1.38	0	0	0
0.7000000000000001	-1.37	0	0	0
0.7000000000000001	-1.3599999999999999	0	0	0
0.7000000000000001	-1.35	0	0	0
0.7000000000000001	-1.34	0	0	0
0.7000000000000001	-1.33	0	0	0
0.7000000000000001	-1.32	0	0	0
0.7000000000000001	-1.31	0	0	0
0.7000000000000001	-1.3	0	0	0
0.7000000000000001	-1.29	0	0	0
0.7000000000000001	-1.28	0	0	0
0.7000000000000001	-1.27	0	0	0
0.7000000000000001	-1.26	0	0	0
0.7000000000000001	-1.25	0	0	0
0.7000000000000001	-1.24	0	0	0
0.7000000000000001	-1.23	0	0	0
0.7000000000000001	-1.22	0	0	0
0.7000000000000001	-1.21	0	0	0
0.7000000000000001	-1.2	0	0	0
0.7000000000000001	-1.19	0	0	0
0.7000000000000001	-1.18	0	0	0
0.7000000000000001	-1.17	0	0	0
0.7000000000000001	-1.16	0	0	0
0.7000000000000001	-1.15	0	0	0
0.7000000000000001	-1.1400000000000001	0	0	0
0.7000000000000001	-1.13	0	0	0
0.7000000000000001	-1.12	0	0	0
0.7000000000000001	-1.1099999999999999	0	0	0
0.7000000000000001	-1.1	0	0	0
0.7000000000000001	-1.0899999999999999	0	0	0
0.7000000000000001	-1.08	0	0	0
0.7000000000000001	-1.07	0	0	0
0.7000000000000001	-1.06	0	0	0
0.7000000000000001	-1.05	0	0	0
0.7000000000000001	-1.04	0	0	0
0.7000000000000001	-1.03	0	0	0
0.7000000000000001	-1.02	0	0	0
0.7000000000000001	-1.01	0	0	0
0.7000000000000001	-1.	0	0	0
0.7000000000000001	-0.99	0	0	0
0.7000000000000001	-0.98	0	0	0
0.7000000000000001	-0.97	0	0	0
0.7000000000000001	-0.96	0	0	0
0.7000000000000001	-0.95	0	0	0
0.7000000000000001	-0.94	0	0	0
0.7000000000000001	-0.9299999999999999	0	0	0
0.7000000000000001	-0.92	0	0	0
0.7000000000000001	-0.91	0	0	0
0.7000000000000001	-0.9	0	0	0
0.7000000000000001	-0.89	0	0	0
0.7000000000000001	-0.88	0	0	0
0.7000000000000001	-0.87	0	0	0
0.7000000000000001	-0.86	0	0	0
0.7000000000000001	-0.85	0	0	0
0.7000000000000001	-0.84	0	0	0
0.7000000000000001	-0.83	0	0	0
0.7000000000000001	-0.82	0	0	0
0.7000000000000001	-0.8099999999999999	0	0	0
0.7000000000000001	-0.7999999999999999	0	0	0
0.7000000000000001	-0.79	0	0	0
0.7000000000000001	-0.78	0	0	0
0.7000000000000001	-0.77	0	0	0
0.7000000000000001	-0.76	0	0	0
0.7000000000000001	-0.75	0	0	0
0.7000000000000001	-0.74	0	0	0
0.7000000000000001	-0.73	0	0	0
0.7000000000000001	-0.72	0	0	0
0.7000000000000001	-0.71	0	0	0
0.7000000000000001	-0.7	0	0	0
0.7000000000000001	-0.69	0	0	0
0.7000000000000001	-0.6799999999999999	0	0	0
0.7000000000000001	-0.6699999999999999	0	0	0
0.7000000000000001	-0.66	0	0	0
0.7000000000000001	-0.65	0	0	0
0.7000000000000001	-0.64	0	0	0
0.7000000000000001	-0.63	0	0	0
0.7000000000000001	-0.62	0	0	0
0.7000000000000001	-0.61	0	0	0
0.7000000000000001	-0.6	0	0	0
0.7000000000000001	-0.59	0	0	0
0.7000000000000001	-0.58	0	0	0
0.7000000000000001	-0.57	0	0	0
0.7000000000000001	-0.5599999999999999	0	0	0
0.7000000000000001	-0.5499999999999999	0	0	0
0.7000000000000001	-0.54	0	0	0
0.7000000000000001	-0.53	0	0	0
0.7000000000000001	-0.52	0	0	0
0.7000000000000001	-0.51	0	0	0
0.7000000000000001	-0.5	0	0	0
0.7000000000000001	-0.49	0	0	0
0.7000000000000001	-0.48	0	0	0
0.7000000000000001	-0.47	0	0	0
0.7000000000000001	-0.45999999999999996	0	0	0
0.7000000000000001	-0.44999999999999996	0	0	0
0.7000000000000001	-0.43999999999999995	0	0	0
0.7000000000000001	-0.42999999999999994	0	0	0
0.7000000000000001	-0.41999999999999993	0	0	0
0.7000000000000001	-0.4099999999999999	0	0	0
0.7000000000000001	-0.3999999999999999	0	0	0
0.7000000000000001	-0.3899999999999999	0	0	0
0.7000000000000001	-0.3799999999999999	1	9.009070264860091e25	6.465971400256289e-14
0.7000000000000001	-0.3699999999999999	1	8.940684045517915e25	6.52785535340569e-14
0.7000000000000001	-0.3599999999999999	1	8.870161694494508e25	6.593842111727854e-14
0.7000000000000001	-0.34999999999999987	1	8.79739457762048e25	6.664287308474855e-14
0.7000000000000001	-0.3400000000000001	1	8.72226600663482e25	6.739588487913502e-14
0.7000000000000001	-0.33000000000000007	1	8.644650421610867e25	6.820191457674695e-14
0.7000000000000001	-0.32000000000000006	1	8.564412464696268e25	6.906597832263494e-14
0.7000000000000001	-0.31000000000000005	1	8.481405926902631e25	6.999374036707049e-14
0.7000000000000001	-0.30000000000000004	1	8.395472545910665e25	7.099162111045163e-14
0.7000000000000001	-0.29000000000000004	1	8.306440628153073e25	7.206692750356183e-14
0.7000000000000001	-0.28	1	8.214123462527182e25	7.322801139209337e-14
0.7000000000000001	-0.27	1	8.11831748560747e25	7.448446305032505e-14
0.7000000000000001	-0.26	1	8.018800148680695e25	7.584734937804674e-14
0.7000000000000001	-0.25	1	7.91532742463882e25	7.73295092665405e-14
0.7000000000000001	-0.24	1	7.807630876805733e25	7.894592280803753e-14
0.7000000000000001	-0.22999999999999998	1	7.695414190841087e25	8.071417682287812e-14
0.7000000000000001	-0.21999999999999997	1	7.578349043116597e25	8.265505735105702e-14
0.7000000000000001	-0.20999999999999996	1	7.456070141754734e25	8.479331142977497e-14
0.7000000000000001	-0.19999999999999996	1	7.328169226011941e25	8.715863740727788e-14
0.7000000000000001	-0.18999999999999995	1	7.19418774019127e25	8.978698799076758e-14
0.7000000000000001	-0.17999999999999994	1	7.053607801226459e25	9.272230764742148e-14
0.7000000000000001	-0.16999999999999993	1	6.905840941369236e25	9.601888321006748e-14
0.7000000000000001	-0.15999999999999992	1	6.7502139084897555e25	9.974457596485605e-14
0.7000000000000001	-0.1499999999999999	1	6.5859505134522425e25	1.0398534657954756e-13
0.7000000000000001	-0.1399999999999999	1	6.412148072761388e25	1.0885171929313271e-13
0.7000000000000001	-0.1299999999999999	1	6.2277463137253486e25	1.1448822958490622e-13
0.7000000000000001	-0.11999999999999988	1	6.031485529065124e25	1.2108759568657215e-13
0.7000000000000001	-0.10999999999999988	1	5.8218489991405184e25	1.2891262001998089e-13
0.7000000000000001	-0.09999999999999987	1	5.59698169727645e25	1.3833123150924257e-13
0.7000000000000001	-0.09000000000000008	1	5.354571977167422e25	1.4987488944826194e-13
0.7000000000000001	-0.08000000000000007	1	5.091673049583916e25	1.643407902858872e-13
0.7000000000000001	-0.07000000000000006	1	4.8044215253706725e25	1.8298168024778037e-13
0.7000000000000001	-0.06000000000000005	1	4.487568838128906e25	2.0788548060643874e-13
0.7000000000000001	-0.050000000000000044	1	4.1336449326155755e25	2.428104633092954e-13
0.7000000000000001	-0.040000000000000036	1	3.731321131524697e25	2.95273190094997e-13
0.7000000000000001	-0.030000000000000027	1	3.261761516672922e25	3.828123299086458e-13
0.7000000000000001	-0.020000000000000018	1	2.6887030382151324e25	5.580439286703475e-13
0.7000000000000001	-0.010000000000000009	1	1.9197488843418738e25	1.0840482978786673e-12
0.7000000000000001	0.	1	6.784133274405858e21	8.59505486382212e-6
0.7000000000000001	0.010000000000000009	1	8.640415472643376e14	5.403606801976801e8
0.7000000000000001	0.020000000000000018	1	4.487476186920171e14	2.0414590489876354e9
0.7000000000000001	0.030000000000000027	1	3.103217317147164e14	4.347227703747106e9
0.7000000000000001	0.040000000000000036	1	2.411128500431987e14	7.328389666470324e9
0.7000000000000001	0.050000000000000044	1	1.9959076623841066e14	1.0877282011449005e10
0.7000000000000001	0.06000000000000005	1	1.7191207767077334e14	1.4903798778078783e10
0.7000000000000001	0.07000000000000006	1	1.5214389737154247e14	1.933218577168031e10
0.7000000000000001	0.08000000000000007	1	1.3731978174567672e14	2.4098489574063404e10
0.7000000000000001	0.09000000000000008	1	1.2579170647615212e14	2.914851317310382e10
0.7000000000000001	0.10000000000000009	1	1.1657085688570934e14	3.4436166994058495e10
0.7000000000000001	0.1100000000000001	1	1.0902798719221267e14	3.992213079679212e10
0.7000000000000001	0.1200000000000001	1	1.0274360013634689e14	4.557276166039625e10
0.7000000000000001	0.13000000000000012	1	9.742727447346939e13	5.13591980367635e10
0.7000000000000001	0.14000000000000012	1	9.287156639753989e13	5.725662097362746e10
0.7000000000000001	0.15000000000000013	1	8.892435039549094e13	6.324364204954596e10
0.7000000000000001	0.16000000000000014	1	8.547153228122095e13	6.930179402040326e10
0.7000000000000001	0.16999999999999993	1	8.242586351171839e13	7.541510515058327e10
0.7000000000000001	0.17999999999999994	1	7.971948406448681e13	8.156974205831917e10
0.7000000000000001	0.18999999999999995	1	7.729882019579284e13	8.77537089136426e10
0.7000000000000001	0.19999999999999996	1	7.512101287144728e13	9.395659318911095e10
0.7000000000000001	0.20999999999999996	1	7.315136664594219e13	1.0016935002779462e11
0.7000000000000001	0.21999999999999997	1	7.136149430183017e13	1.063841187726034e11
0.7000000000000001	0.22999999999999998	1	6.972794549622842e13	1.1259406638135059e11
0.7000000000000001	0.24	1	6.8231178245702664e13	1.1879325339815703e11
0.7000000000000001	0.25	1	6.68547772547842e13	1.2497651891387804e11
0.7000000000000001	0.26	1	6.558485263021874e13	1.3113938156477606e11
0.7000000000000001	0.27	1	6.440957221427561e13	1.3727795411959105e11
0.7000000000000001	0.28	1	6.331879413235192e13	1.4338886961383182e11
0.7000000000000001	0.29000000000000004	1	6.230377536521422e13	1.494692173248253e11
0.7000000000000001	0.30000000000000004	1	6.13569386067952e13	1.5551648715623566e11
0.7000000000000001	0.31000000000000005	1	6.047168424629105e13	1.6152852122781198e11
0.7000000000000001	0.32000000000000006	1	5.96422376036184e13	1.6750347165410907e11
0.7000000000000001	0.33000000000000007	1	5.8863523940245336e13	1.7343976365209412e11
0.7000000000000001	0.3400000000000001	1	5.813106552693698e13	1.7933606324769873e11
0.7000000000000001	0.3500000000000001	1	5.744089635703247e13	1.8519124896018274e11
0.7000000000000001	0.3600000000000001	1	5.6789491074177734e13	1.9100438693440002e11
0.7000000000000001	0.3700000000000001	0	0	0
0.7000000000000001	0.3800000000000001	0	0	0
0.7000000000000001	0.3900000000000001	0	0	0
0.7000000000000001	0.40000000000000013	0	0	0
0.7000000000000001	0.41000000000000014	0	0	0
0.7000000000000001	0.41999999999999993	0	0	0
0.7000000000000001	0.42999999999999994	0	0	0
0.7000000000000001	0.43999999999999995	0	0	0
0.7000000000000001	0.44999999999999996	0	0	0
0.7000000000000001	0.45999999999999996	0	0	0
0.7000000000000001	0.47	0	0	0
0.7000000000000001	0.48	0	0	0
0.7000000000000001	0.49	0	0	0
0.7000000000000001	0.5	0	0	0
0.7000000000000001	0.5100000000000002	0	0	0
0.7000000000000001	0.52	0	0	0
0.7000000000000001	0.5300000000000002	0	0	0
0.7000000000000001	0.54	0	0	0
0.7000000000000001	0.5499999999999998	0	0	0
0.7000000000000001	0.56	0	0	0
0.7000000000000001	0.5699999999999998	0	0	0
0.7000000000000001	0.5800000000000001	0	0	0
0.7000000000000001	0.5899999999999999	0	0	0
0.7000000000000001	0.6000000000000001	0	0	0
0.7000000000000001	0.6099999999999999	0	0	0
0.7000000000000001	0.6200000000000001	0	0	0
0.7000000000000001	0.6299999999999999	0	0	0
0.7000000000000001	0.6400000000000001	0	0	0
0.7000000000000001	0.6499999999999999	0	0	0
0.7000000000000001	0.6600000000000001	0	0	0
0.7000000000000001	0.6699999999999999	0	0	0
0.7000000000000001	0.6800000000000002	0	0	0
0.7000000000000001	0.69	0	0	0
0.7000000000000001	0.7000000000000002	0	0	0
0.7000000000000001	0.71	0	0	0
0.7000000000000001	0.7200000000000002	0	0	0
0.7000000000000001	0.73	0	0	0
0.7000000000000001	0.7400000000000002	0	0	0
0.7000000000000001	0.75	0	0	0
0.7000000000000001	0.7600000000000002	0	0	0
0.7000000000000001	0.77	0	0	0
0.7000000000000001	0.7800000000000002	0	0	0
0.7000000000000001	0.79	0	0	0
0.7000000000000001	0.8000000000000003	0	0	0
0.7000000000000001	0.81	0	0	0
0.7000000000000001	0.8199999999999998	0	0	0
0.7000000000000001	0.8300000000000001	0	0	0
0.7000000000000001	0.8399999999999999	0	0	0
0.7000000000000001	0.8500000000000001	0	0	0
0.7000000000000001	0.8599999999999999	0	0	0
0.7000000000000001	0.8700000000000001	0	0	0
0.7000000000000001	0.8799999999999999	0	0	0
0.7000000000000001	0.8900000000000001	0	0	0
0.7000000000000001	0.8999999999999999	0	0	0
0.7000000000000001	0.9100000000000001	0	0	0
0.7000000000000001	0.9199999999999999	0	0	0
0.7000000000000001	0.9300000000000002	0	0	0
0.7000000000000001	0.94	0	0	0
0.7000000000000001	0.9500000000000002	0	0	0
0.7000000000000001	0.96	0	0	0
0.7000000000000001	0.9700000000000002	0	0	0
0.7000000000000001	0.98	0	0	0
0.7000000000000001	0.9900000000000002	0	0	0
0.7000000000000001	1.	0	0	0
0.8	-1.5	0	0	0
0.8	-1.49	0	0	0
0.8	-1.48	0	0	0
0.8	-1.47	0	0	0
0.8	-1.46	0	0	0
0.8	-1.45	0	0	0
0.8	-1.44	0	0	0
0.8	-1.43	0	0	0
0.8	-1.42	0	0	0
0.8	-1.41	0	0	0
0.8	-1.4	0	0	0
0.8	-1.39	0	0	0
0.8	-1.38	0	0	0
0.8	-1.37	0	0	0
0.8	-1.3599999999999999	0	0	0
0.8	-1.35	0	0	0
0.8	-1.34	0	0	0
0.8	-1.33	0	0	0
0.8	-1.32	0	0	0
0.8	-1.31	0	0	0
0.8	-1.3	0	0	0
0.8	-1.29	0	0	0
0.8	-1.28	0	0	0
0.8	-1.27	0	0	0
0.8	-1.26	0	0	0
0.8	-1.25	0	0	0
0.8	-1.24	0	0	0
0.8	-1.23	0	0	0
0.8	-1.22	0	0	0
0.8	-1.21	0	0	0
0.8	-1.2	0	0	0
0.8	-1.19	0	0	0
0.8	-1.18	0	0	0
0.8	-1.17	0	0	0
0.8	-1.16	0	0	0
0.8	-1.15	0	0	0
0.8	-1.1400000000000001	0	0	0
0.8	-1.13	0	0	0
0.8	-1.12	0	0	0
0.8	-1.1099999999999999	0	0	0
0.8	-1.1	0	0	0
0.8	-1.0899999999999999	0	0	0
0.8	-1.08	0	0	0
0.8	-1.07	0	0	0
0.8	-1.06	0	0	0
0.8	-1.05	0	0	0
0.8	-1.04	0	0	0
0.8	-1.03	0	0	0
0.8	-1.02	0	0	0
0.8	-1.01	0	0	0
0.8	-1.	0	0	0
0.8	-0.99	0	0	0
0.8	-0.98	0	0	0
0.8	-0.97	0	0	0
0.8	-0.96	0	0	0
0.8	-0.95	0	0	0
0.8	-0.94	0	0	0
0.8	-0.9299999999999999	0	0	0
0.8	-0.92	0	0	0
0.8	-0.91	0	0	0
0.8	-0.9	0	0	0
0.8	-0.89	0	0	0
0.8	-0.88	0	0	0
0.8	-0.87	0	0	0
0.8	-0.86	0	0	0
0.8	-0.85	0	0	0
0.8	-0.84	0	0	0
0.8	-0.83	0	0	0
0.8	-0.82	0	0	0
0.8	-0.8099999999999999	0	0	0
0.8	-0.7999999999999999	0	0	0
0.8	-0.79	0	0	0
0.8	-0.78	0	0	0
0.8	-0.77	0	0	0
0.8	-0.76	0	0	0
0.8	-0.75	0	0	0
0.8	-0.74	0	0	0
0.8	-0.73	0	0	0
0.8	-0.72	0	0	0
0.8	-0.71	0	0	0
0.8	-0.7	0	0	0
0.8	-0.69	0	0	0
0.8	-0.6799999999999999	0	0	0
0.8	-0.6699999999999999	0	0	0
0.8	-0.66	0	0	0
0.8	-0.65	0	0	0
0.8	-0.64	0	0	0
0.8	-0.63	0	0	0
0.8	-0.62	0	0	0
0.8	-0.61	0	0	0
0.8	-0.6	0	0	0
0.8	-0.59	0	0	0
0.8	-0.58	0	0	0
0.8	-0.57	0	0	0
0.8	-0.5599999999999999	0	0	0
0.8	-0.5499999999999999	0	0	0
0.8	-0.54	0	0	0
0.8	-0.53	0	0	0
0.8	-0.52	0	0	0
0.8	-0.51	0	0	0
0.8	-0.5	0	0	0
0.8	-0.49	0	0	0
0.8	-0.48	0	0	0
0.8	-0.47	0	0	0
0.8	-0.45999999999999996	0	0	0
0.8	-0.44999999999999996	0	0	0
0.8	-0.43999999999999995	0	0	0
0.8	-0.42999999999999994	0	0	0
0.8	-0.41999999999999993	0	0	0
0.8	-0.4099999999999999	0	0	0
0.8	-0.3999999999999999	0	0	0
0.8	-0.3899999999999999	1	9.075421656709907e25	6.407871155051577e-14
0.8	-0.3799999999999999	1	9.009070264860091e25	6.465971400256289e-14
0.8	-0.3699999999999999	1	8.940684045517915e25	6.52785535340569e-14
0.8	-0.3599999999999999	1	8.870161694494508e25	6.593842111727854e-14
0.8	-0.34999999999999987	1	8.79739457762048e25	6.664287308474855e-14
0.8	-0.3400000000000001	1	8.72226600663482e25	6.739588487913502e-14
0.8	-0.33000000000000007	1	8.644650421610867e25	6.820191457674695e-14
0.8	-0.32000000000000006	1	8.564412464696268e25	6.906597832263494e-14
0.8	-0.31000000000000005	1	8.481405926902631e25	6.999374036707049e-14
0.8	-0.30000000000000004	1	8.395472545910665e25	7.099162111045163e-14
0.8	-0.29000000000000004	1	8.306440628153073e25	7.206692750356183e-14
0.8	-0.28	1	8.214123462527182e25	7.322801139209337e-14
0.8	-0.27	1	8.11831748560747e25	7.448446305032505e-14
0.8	-0.26	1	8.018800148680695e25	7.584734937804674e-14
0.8	-0.25	1	7.91532742463882e25	7.73295092665405e-14
0.8	-0.24	1	7.807630876805733e25	7.894592280803753e-14
0.8	-0.22999999999999998	1	7.695414190841087e25	8.071417682287812e-14
0.8	-0.21999999999999997	1	7.578349043116597e25	8.265505735105702e-14
0.8	-0.20999999999999996	1	7.456070141754734e25	8.479331142977497e-14
0.8	-0.19999999999999996	1	7.328169226011941e25	8.715863740727788e-14
0.8	-0.18999999999999995	1	7.19418774019127e25	8.978698799076758e-14
0.8	-0.17999999999999994	1	7.053607801226459e25	9.272230764742148e-14
0.8	-0.16999999999999993	1	6.905840941369236e25	9.601888321006748e-14
0.8	-0.15999999999999992	1	6.7502139084897555e25	9.974457596485605e-14
0.8	-0.1499999999999999	1	6.5859505134522425e25	1.0398534657954756e-13
0.8	-0.1399999999999999	1	6.412148072761388e25	1.0885171929313271e-13
0.8	-0.1299999999999999	1	6.2277463137253486e25	1.1448822958490622e-13
0.8	-0.11999999999999988	1	6.031485529065124e25	1.2108759568657215e-13
0.8	-0.10999999999999988	1	5.8218489991405184e25	1.2891262001998089e-13
0.8	-0.09999999999999987	1	5.59698169727645e25	1.3833123150924257e-13
0.8	-0.09000000000000008	1	5.354571977167422e25	1.4987488944826194e-13
0.8	-0.08000000000000007	1	5.091673049583916e25	1.643407902858872e-13
0.8	-0.07000000000000006	1	4.8044215253706725e25	1.8298168024778037e-13
0.8	-0.06000000000000005	1	4.487568838128906e25	2.0788548060643874e-13
0.8	-0.050000000000000044	1	4.1336449326155755e25	2.428104633092954e-13
0.8	-0.040000000000000036	1	3.731321131524697e25	2.95273190094997e-13
0.8	-0.030000000000000027	1	3.261761516672922e25	3.828123299086458e-13
0.8	-0.020000000000000018	1	2.6887030382151324e25	5.580439286703475e-13
0.8	-0.010000000000000009	1	1.9197488843418738e25	1.0840482978786673e-12
0.8	0.	1	6.784133274405858e21	8.59505486382212e-6
0.8	0.010000000000000009	1	8.640415472643376e14	5.403606801976801e8
0.8	0.020000000000000018	1	4.487476186920171e14	2.0414590489876354e9
0.8	0.030000000000000027	1	3.103217317147164e14	4.347227703747106e9
0.8	0.040000000000000036	1	2.411128500431987e14	7.328389666470324e9
0.8	0.050000000000000044	1	1.9959076623841066e14	1.0877282011449005e10
0.8	0.06000000000000005	1	1.7191207767077334e14	1.4903798778078783e10
0.8	0.07000000000000006	1	1.5214389737154247e14	1.933218577168031e10
0.8	0.08000000000000007	1	1.3731978174567672e14	2.4098489574063404e10
0.8	0.09000000000000008	1	1.2579170647615212e14	2.914851317310382e10
0.8	0.10000000000000009	1	1.1657085688570934e14	3.4436166994058495e10
0.8	0.1100000000000001	1	1.0902798719221267e14	3.992213079679212e10
0.8	0.1200000000000001	1	1.0274360013634689e14	4.557276166039625e10
0.8	0.13000000000000012	1	9.742727447346939e13	5.13591980367635e10
0.8	0.14000000000000012	1	9.287156639753989e13	5.725662097362746e10
0.8	0.15000000000000013	1	8.892435039549094e13	6.324364204954596e10
0.8	0.16000000000000014	1	8.547153228122095e13	6.930179402040326e10
0.8	0.16999999999999993	1	8.242586351171839e13	7.541510515058327e10
0.8	0.17999999999999994	1	7.971948406448681e13	8.156974205831917e10
0.8	0.18999999999999995	1	7.729882019579284e13	8.77537089136426e10
0.8	0.19999999999999996	1	7.512101287144728e13	9.395659318911095e10
0.8	0.20999999999999996	1	7.315136664594219e13	1.0016935002779462e11
0.8	0.21999999999999997	1	7.136149430183017e13	1.063841187726034e11
0.8	0.22999999999999998	1	6.972794549622842e13	1.1259406638135059e11
0.8	0.24	1	6.8231178245702664e13	1.1879325339815703e11
0.8	0.25	1	6.68547772547842e13	1.2497651891387804e11
0.8	0.26	1	6.558485263021874e13	1.3113938156477606e11
0.8	0.27	1	6.440957221427561e13	1.3727795411959105e11
0.8	0.28	1	6.331879413235192e13	1.4338886961383182e11
0.8	0.29000000000000004	1	6.230377536521422e13	1.494692173248253e11
0.8	0.30000000000000004	1	6.13569386067952e13	1.5551648715623566e11
0.8	0.31000000000000005	1	6.047168424629105e13	1.6152852122781198e11
0.8	0.32000000000000006	1	5.96422376036184e13	1.6750347165410907e11
0.8	0.33000000000000007	1	5.8863523940245336e13	1.7343976365209412e11
0.8	0.3400000000000001	1	5.813106552693698e13	1.7933606324769873e11
0.8	0.3500000000000001	1	5.744089635703247e13	1.8519124896018274e11
0.8	0.3600000000000001	1	5.678949107416775e13	1.9100438693446497e11
0.8	0.3700000000000001	1	5.617370542528719e13	1.9677470906780673e11
0.8	0.3800000000000001	1	5.559072611569349e13	2.025015937435068e11
0.8	0.3900000000000001	1	5.503802837935107e13	2.0818454883226437e11
0.8	0.40000000000000013	1	5.451333991082516e13	2.1382319669970352e11
0.8	0.41000000000000014	0	0	0
0.8	0.41999999999999993	0	0	0
0.8	0.42999999999999994	0	0	0
0.8	0.43999999999999995	0	0	0
0.8	0.44999999999999996	0	0	0
0.8	0.45999999999999996	0	0	0
0.8	0.47	0	0	0
0.8	0.48	0	0	0
0.8	0.49	0	0	0
0.8	0.5	0	0	0
0.8	0.5100000000000002	0	0	0
0.8	0.52	0	0	0
0.8	0.5300000000000002	0	0	0
0.8	0.54	0	0	0
0.8	0.5499999999999998	0	0	0
0.8	0.56	0	0	0
0.8	0.5699999999999998	0	0	0
0.8	0.5800000000000001	0	0	0
0.8	0.5899999999999999	0	0	0
0.8	0.6000000000000001	0	0	0
0.8	0.6099999999999999	0	0	0
0.8	0.6200000000000001	0	0	0
0.8	0.6299999999999999	0	0	0
0.8	0.6400000000000001	0	0	0
0.8	0.6499999999999999	0	0	0
0.8	0.6600000000000001	0	0	0
0.8	0.6699999999999999	0	0	0
0.8	0.6800000000000002	0	0	0
0.8	0.69	0	0	0
0.8	0.7000000000000002	0	0	0
0.8	0.71	0	0	0
0.8	0.7200000000000002	0	0	0
0.8	0.73	0	0	0
0.8	0.7400000000000002	0	0	0
0.8	0.75	0	0	0
0.8	0.7600000000000002	0	0	0
0.8	0.77	0	0	0
0.8	0.7800000000000002	0	0	0
0.8	0.79	0	0	0
0.8	0.8000000000000003	0	0	0
0.8	0.81	0	0	0
0.8	0.8199999999999998	0	0	0
0.8	0.8300000000000001	0	0	0
0.8	0.8399999999999999	0	0	0
0.8	0.8500000000000001	0	0	0
0.8	0.8599999999999999	0	0	0
0.8	0.8700000000000001	0	0	0
0.8	0.8799999999999999	0	0	0
0.8	0.8900000000000001	0	0	0
0.8	0.8999999999999999	0	0	0
0.8	0.9100000000000001	0	0	0
0.8	0.9199999999999999	0	0	0
0.8	0.9300000000000002	0	0	0
0.8	0.94	0	0	0
0.8	0.9500000000000002	0	0	0
0.8	0.96	0	0	0
0.8	0.9700000000000002	0	0	0
0.8	0.98	0	0	0
0.8	0.9900000000000002	0	0	0
0.8	1.	0	0	0
0.9	-1.5	0	0	0
0.9	-1.49	0	0	0
0.9	-1.48	0	0	0
0.9	-1.47	0	0	0
0.9	-1.46	0	0	0
0.9	-1.45	0	0	0
0.9	-1.44	0	0	0
0.9	-1.43	0	0	0
0.9	-1.42	0	0	0
0.9	-1.41	0	0	0
0.9	-1.4	0	0	0
0.9	-1.39	0	0	0
0.9	-1.38	0	0	0
0.9	-1.37	0	0	0
0.9	-1.3599999999999999	0	0	0
0.9	-1.35	0	0	0
0.9	-1.34	0	0	0
0.9	-1.33	0	0	0
0.9	-1.32	0	0	0
0.9	-1.31	0	0	0
0.9	-1.3	0	0	0
0.9	-1.29	0	0	0
0.9	-1.28	0	0	0
0.9	-1.27	0	0	0
0.9	-1.26	0	0	0
0.9	-1.25	0	0	0
0.9	-1.24	0	0	0
0.9	-1.23	0	0	0
0.9	-1.22	0	0	0
0.9	-1.21	0	0	0
0.9	-1.2	0	0	0
0.9	-1.19	0	0	0
0.9	-1.18	0	0	0
0.9	-1.17	0	0	0
0.9	-1.16	0	0	0
0.9	-1.15	0	0	0
0.9	-1.1400000000000001	0	0	0
0.9	-1.13	0	0	0
0.9	-1.12	0	0	0
0.9	-1.1099999999999999	0	0	0
0.9	-1.1	0	0	0
0.9	-1.0899999999999999	0	0	0
0.9	-1.08	0	0	0
0.9	-1.07	0	0	0
0.9	-1.06	0	0	0
0.9	-1.05	0	0	0
0.9	-1.04	0	0	0
0.9	-1.03	0	0	0
0.9	-1.02	0	0	0
0.9	-1.01	0	0	0
0.9	-1.	0	0	0
0.9	-0.99	0	0	0
0.9	-0.98	0	0	0
0.9	-0.97	0	0	0
0.9	-0.96	0	0	0
0.9	-0.95	0	0	0
0.9	-0.94	0	0	0
0.9	-0.9299999999999999	0	0	0
0.9	-0.92	0	0	0
0.9	-0.91	0	0	0
0.9	-0.9	0	0	0
0.9	-0.89	0	0	0
0.9	-0.88	0	0	0
0.9	-0.87	0	0	0
0.9	-0.86	0	0	0
0.9	-0.85	0	0	0
0.9	-0.84	0	0	0
0.9	-0.83	0	0	0
0.9	-0.82	0	0	0
0.9	-0.8099999999999999	0	0	0
0.9	-0.7999999999999999	0	0	0
0.9	-0.79	0	0	0
0.9	-0.78	0	0	0
0.9	-0.77	0	0	0
0.9	-0.76	0	0	0
0.9	-0.75	0	0	0
0.9	-0.74	0	0	0
0.9	-0.73	0	0	0
0.9	-0.72	0	0	0
0.9	-0.71	0	0	0
0.9	-0.7	0	0	0
0.9	-0.69	0	0	0
0.9	-0.6799999999999999	0	0	0
0.9	-0.6699999999999999	0	0	0
0.9	-0.66	0	0	0
0.9	-0.65	0	0	0
0.9	-0.64	0	0	0
0.9	-0.63	0	0	0
0.9	-0.62	0	0	0
0.9	-0.61	0	0	0
0.9	-0.6	0	0	0
0.9	-0.59	0	0	0
0.9	-0.58	0	0	0
0.9	-0.57	0	0	0
0.9	-0.5599999999999999	0	0	0
0.9	-0.5499999999999999	0	0	0
0.9	-0.54	0	0	0
0.9	-0.53	0	0	0
0.9	-0.52	0	0	0
0.9	-0.51	0	0	0
0.9	-0.5	0	0	0
0.9	-0.49	0	0	0
0.9	-0.48	0	0	0
0.9	-0.47	0	0	0
0.9	-0.45999999999999996	0	0	0
0.9	-0.44999999999999996	0	0	0
0.9	-0.43999999999999995	0	0	0
0.9	-0.42999999999999994	0	0	0
0.9	-0.41999999999999993	0	0	0
0.9	-0.4099999999999999	1	9.202392315227363e25	6.301901336292682e-14
0.9	-0.3999999999999999	1	9.139832838677877e25	6.353267487913949e-14
0.9	-0.3899999999999999	1	9.075421656709907e25	6.407871155051577e-14
0.9	-0.3799999999999999	1	9.009070264860091e25	6.465971400256289e-14
0.9	-0.3699999999999999	1	8.940684045517915e25	6.52785535340569e-14
0.9	-0.3599999999999999	1	8.870161694494508e25	6.593842111727854e-14
0.9	-0.34999999999999987	1	8.79739457762048e25	6.664287308474855e-14
0.9	-0.3400000000000001	1	8.72226600663482e25	6.739588487913502e-14
0.9	-0.33000000000000007	1	8.644650421610867e25	6.820191457674695e-14
0.9	-0.32000000000000006	1	8.564412464696268e25	6.906597832263494e-14
0.9	-0.31000000000000005	1	8.481405926902631e25	6.999374036707049e-14
0.9	-0.30000000000000004	1	8.395472545910665e25	7.099162111045163e-14
0.9	-0.29000000000000004	1	8.306440628153073e25	7.206692750356183e-14
0.9	-0.28	1	8.214123462527182e25	7.322801139209337e-14
0.9	-0.27	1	8.11831748560747e25	7.448446305032505e-14
0.9	-0.26	1	8.018800148680695e25	7.584734937804674e-14
0.9	-0.25	1	7.91532742463882e25	7.73295092665405e-14
0.9	-0.24	1	7.807630876805733e25	7.894592280803753e-14
0.9	-0.22999999999999998	1	7.695414190841087e25	8.071417682287812e-14
0.9	-0.21999999999999997	1	7.578349043116597e25	8.265505735105702e-14
0.9	-0.20999999999999996	1	7.456070141754734e25	8.479331142977497e-14
0.9	-0.19999999999999996	1	7.328169226011941e25	8.715863740727788e-14
0.9	-0.18999999999999995	1	7.19418774019127e25	8.978698799076758e-14
0.9	-0.17999999999999994	1	7.053607801226459e25	9.272230764742148e-14
0.9	-0.16999999999999993	1	6.905840941369236e25	9.601888321006748e-14
0.9	-0.15999999999999992	1	6.7502139084897555e25	9.974457596485605e-14
0.9	-0.1499999999999999	1	6.5859505134522425e25	1.0398534657954756e-13
0.9	-0.1399999999999999	1	6.412148072761388e25	1.0885171929313271e-13
0.9	-0.1299999999999999	1	6.2277463137253486e25	1.1448822958490622e-13
0.9	-0.11999999999999988	1	6.031485529065124e25	1.2108759568657215e-13
0.9	-0.10999999999999988	1	5.8218489991405184e25	1.2891262001998089e-13
0.9	-0.09999999999999987	1	5.59698169727645e25	1.3833123150924257e-13
0.9	-0.09000000000000008	1	5.354571977167422e25	1.4987488944826194e-13
0.9	-0.08000000000000007	1	5.091673049583916e25	1.643407902858872e-13
0.9	-0.07000000000000006	1	4.8044215253706725e25	1.8298168024778037e-13
0.9	-0.06000000000000005	1	4.487568838128906e25	2.0788548060643874e-13
0.9	-0.050000000000000044	1	4.1336449326155755e25	2.428104633092954e-13
0.9	-0.040000000000000036	1	3.731321131524697e25	2.95273190094997e-13
0.9	-0.030000000000000027	1	3.261761516672922e25	3.828123299086458e-13
0.9	-0.020000000000000018	1	2.6887030382151324e25	5.580439286703475e-13
0.9	-0.010000000000000009	1	1.9197488843418738e25	1.0840482978786673e-12
0.9	0.	1	6.784133274405858e21	8.59505486382212e-6
0.9	0.010000000000000009	1	8.640415472643376e14	5.403606801976801e8
0.9	0.020000000000000018	1	4.487476186920171e14	2.0414590489876354e9
0.9	0.030000000000000027	1	3.103217317147164e14	4.347227703747106e9
0.9	0.040000000000000036	1	2.411128500431987e14	7.328389666470324e9
0.9	0.050000000000000044	1	1.9959076623841066e14	1.0877282011449005e10
0.9	0.06000000000000005	1	1.7191207767077334e14	1.4903798778078783e10
0.9	0.07000000000000006	1	1.5214389737154247e14	1.933218577168031e10
0.9	0.08000000000000007	1	1.3731978174567672e14	2.4098489574063404e10
0.9	0.09000000000000008	1	1.2579170647615212e14	2.914851317310382e10
0.9	0.10000000000000009	1	1.1657085688570934e14	3.4436166994058495e10
0.9	0.1100000000000001	1	1.0902798719221267e14	3.992213079679212e10
0.9	0.1200000000000001	1	1.0274360013634689e14	4.557276166039625e10
0.9	0.13000000000000012	1	9.742727447346939e13	5.13591980367635e10
0.9	0.14000000000000012	1	9.287156639753989e13	5.725662097362746e10
0.9	0.15000000000000013	1	8.892435039549094e13	6.324364204954596e10
0.9	0.16000000000000014	1	8.547153228122095e13	6.930179402040326e10
0.9	0.16999999999999993	1	8.242586351171839e13	7.541510515058327e10
0.9	0.17999999999999994	1	7.971948406448681e13	8.156974205831917e10
0.9	0.18999999999999995	1	7.729882019579284e13	8.77537089136426e10
0.9	0.19999999999999996	1	7.512101287144728e13	9.395659318911095e10
0.9	0.20999999999999996	1	7.315136664594219e13	1.0016935002779462e11
0.9	0.21999999999999997	1	7.136149430183017e13	1.063841187726034e11
0.9	0.22999999999999998	1	6.972794549622842e13	1.1259406638135059e11
0.9	0.24	1	6.8231178245702664e13	1.1879325339815703e11
0.9	0.25	1	6.68547772547842e13	1.2497651891387804e11
0.9	0.26	1	6.558485263021874e13	1.3113938156477606e11
0.9	0.27	1	6.440957221427561e13	1.3727795411959105e11
0.9	0.28	1	6.331879413235192e13	1.4338886961383182e11
0.9	0.29000000000000004	1	6.230377536521422e13	1.494692173248253e11
0.9	0.30000000000000004	1	6.13569386067952e13	1.5551648715623566e11
0.9	0.31000000000000005	1	6.047168424629105e13	1.6152852122781198e11
0.9	0.32000000000000006	1	5.96422376036184e13	1.6750347165410907e11
0.9	0.33000000000000007	1	5.8863523940245336e13	1.7343976365209412e11
0.9	0.3400000000000001	1	5.813106552693698e13	1.7933606324769873e11
0.9	0.3500000000000001	1	5.744089635703247e13	1.8519124896018274e11
0.9	0.3600000000000001	1	5.678949107416775e13	1.9100438693446497e11
0.9	0.3700000000000001	1	5.617370542528719e13	1.9677470906780673e11
0.9	0.3800000000000001	1	5.559072611569349e13	2.025015937435068e11
0.9	0.3900000000000001	1	5.503802837935107e13	2.0818454883226437e11
0.9	0.40000000000000013	1	5.451333991082516e13	2.1382319669970352e11
0.9	0.41000000000000014	1	5.4014610081646914e13	2.194172609029878e11
0.9	0.41999999999999993	1	5.3539983547117805e13	2.2496655446689804e11
0.9	0.42999999999999994	1	5.308777754004654e13	2.304709694628343e11
0.9	0.43999999999999995	1	5.265646226122861e13	2.3593046775845673e11
0.9	0.44999999999999996	1	5.224464388075984e13	2.4134507283570648e11
0.9	0.45999999999999996	0	0	0
0.9	0.47	0	0	0
0.9	0.48	0	0	0
0.9	0.49	0	0	0
0.9	0.5	0	0	0
0.9	0.5100000000000002	0	0	0
0.9	0.52	0	0	0
0.9	0.5300000000000002	0	0	0
0.9	0.54	0	0	0
0.9	0.5499999999999998	0	0	0
0.9	0.56	0	0	0
0.9	0.5699999999999998	0	0	0
0.9	0.5800000000000001	0	0	0
0.9	0.5899999999999999	0	0	0
0.9	0.6000000000000001	0	0	0
0.9	0.6099999999999999	0	0	0
0.9	0.6200000000000001	0	0	0
0.9	0.6299999999999999	0	0	0
0.9	0.6400000000000001	0	0	0
0.9	0.6499999999999999	0	0	0
0.9	0.6600000000000001	0	0	0
0.9	0.6699999999999999	0	0	0
0.9	0.6800000000000002	0	0	0
0.9	0.69	0	0	0
0.9	0.7000000000000002	0	0	0
0.9	0.71	0	0	0
0.9	0.7200000000000002	0	0	0
0.9	0.73	0	0	0
0.9	0.7400000000000002	0	0	0
0.9	0.75	0	0	0
0.9	0.7600000000000002	0	0	0
0.9	0.77	0	0	0
0.9	0.7800000000000002	0	0	0
0.9	0.79	0	0	0
0.9	0.8000000000000003	0	0	0
0.9	0.81	0	0	0
0.9	0.8199999999999998	0	0	0
0.9	0.8300000000000001	0	0	0
0.9	0.8399999999999999	0	0	0
0.9	0.8500000000000001	0	0	0
0.9	0.8599999999999999	0	0	0
0.9	0.8700000000000001	0	0	0
0.9	0.8799999999999999	0	0	0
0.9	0.8900000000000001	0	0	0
0.9	0.8999999999999999	0	0	0
0.9	0.9100000000000001	0	0	0
0.9	0.9199999999999999	0	0	0
0.9	0.9300000000000002	0	0	0
0.9	0.94	0	0	0
0.9	0.9500000000000002	0	0	0
0.9	0.96	0	0	0
0.9	0.9700000000000002	0	0	0
0.9	0.98	0	0	0
0.9	0.9900000000000002	0	0	0
0.9	1.	0	0	0
1.	-1.5	0	0	0
1.	-1.49	0	0	0
1.	-1.48	0	0	0
1.	-1.47	0	0	0
1.	-1.46	0	0	0
1.	-1.45	0	0	0
1.	-1.44	0	0	0
1.	-1.43	0	0	0
1.	-1.42	0	0	0
1.	-1.41	0	0	0
1.	-1.4	0	0	0
1.	-1.39	0	0	0
1.	-1.38	0	0	0
1.	-1.37	0	0	0
1.	-1.3599999999999999	0	0	0
1.	-1.35	0	0	0
1.	-1.34	0	0	0
1.	-1.33	0	0	0
1.	-1.32	0	0	0
1.	-1.31	0	0	0
1.	-1.3	0	0	0
1.	-1.29	0	0	0
1.	-1.28	0	0	0
1.	-1.27	0	0	0
1.	-1.26	0	0	0
1.	-1.25	0	0	0
1.	-1.24	0	0	0
1.	-1.23	0	0	0
1.	-1.22	0	0	0
1.	-1.21	0	0	0
1.	-1.2	0	0	0
1.	-1.19	0	0	0
1.	-1.18	0	0	0
1.	-1.17	0	0	0
1.	-1.16	0	0	0
1.	-1.15	0	0	0
1.	-1.1400000000000001	0	0	0
1.	-1.13	0	0	0
1.	-1.12	0	0	0
1.	-1.1099999999999999	0	0	0
1.	-1.1	0	0	0
1.	-1.0899999999999999	0	0	0
1.	-1.08	0	0	0
1.	-1.07	0	0	0
1.	-1.06	0	0	0
1.	-1.05	0	0	0
1.	-1.04	0	0	0
1.	-1.03	0	0	0
1.	-1.02	0	0	0
1.	-1.01	0	0	0
1.	-1.	0	0	0
1.	-0.99	0	0	0
1.	-0.98	0	0	0
1.	-0.97	0	0	0
1.	-0.96	0	0	0
1.	-0.95	0	0	0
1.	-0.94	0	0	0
1.	-0.9299999999999999	0	0	0
1.	-0.92	0	0	0
1.	-0.91	0	0	0
1.	-0.9	0	0	0
1.	-0.89	0	0	0
1.	-0.88	0	0	0
1.	-0.87	0	0	0
1.	-0.86	0	0	0
1.	-0.85	0	0	0
1.	-0.84	0	0	0
1.	-0.83	0	0	0
1.	-0.82	0	0	0
1.	-0.8099999999999999	0	0	0
1.	-0.7999999999999999	0	0	0
1.	-0.79	0	0	0
1.	-0.78	0	0	0
1.	-0.77	0	0	0
1.	-0.76	0	0	0
1.	-0.75	0	0	0
1.	-0.74	0	0	0
1.	-0.73	0	0	0
1.	-0.72	0	0	0
1.	-0.71	0	0	0
1.	-0.7	0	0	0
1.	-0.69	0	0	0
1.	-0.6799999999999999	0	0	0
1.	-0.6699999999999999	0	0	0
1.	-0.66	0	0	0
1.	-0.65	0	0	0
1.	-0.64	0	0	0
1.	-0.63	0	0	0
1.	-0.62	0	0	0
1.	-0.61	0	0	0
1.	-0.6	0	0	0
1.	-0.59	0	0	0
1.	-0.58	0	0	0
1.	-0.57	0	0	0
1.	-0.5599999999999999	0	0	0
1.	-0.5499999999999999	0	0	0
1.	-0.54	0	0	0
1.	-0.53	0	0	0
1.	-0.52	0	0	0
1.	-0.51	0	0	0
1.	-0.5	0	0	0
1.	-0.49	0	0	0
1.	-0.48	0	0	0
1.	-0.47	0	0	0
1.	-0.45999999999999996	0	0	0
1.	-0.44999999999999996	0	0	0
1.	-0.43999999999999995	0	0	0
1.	-0.42999999999999994	1	9.32228262627203e25	6.207966075614921e-14
1.	-0.41999999999999993	1	9.263182990217252e25	6.253538362145538e-14
1.	-0.4099999999999999	1	9.202392315227363e25	6.301901336292682e-14
1.	-0.3999999999999999	1	9.139832838677877e25	6.353267487913949e-14
1.	-0.3899999999999999	1	9.075421656709907e25	6.407871155051577e-14
1.	-0.3799999999999999	1	9.009070264860091e25	6.465971400256289e-14
1.	-0.3699999999999999	1	8.940684045517915e25	6.52785535340569e-14
1.	-0.3599999999999999	1	8.870161694494508e25	6.593842111727854e-14
1.	-0.34999999999999987	1	8.79739457762048e25	6.664287308474855e-14
1.	-0.3400000000000001	1	8.72226600663482e25	6.739588487913502e-14
1.	-0.33000000000000007	1	8.644650421610867e25	6.820191457674695e-14
1.	-0.32000000000000006	1	8.564412464696268e25	6.906597832263494e-14
1.	-0.31000000000000005	1	8.481405926902631e25	6.999374036707049e-14
1.	-0.30000000000000004	1	8.395472545910665e25	7.099162111045163e-14
1.	-0.29000000000000004	1	8.306440628153073e25	7.206692750356183e-14
1.	-0.28	1	8.214123462527182e25	7.322801139209337e-14
1.	-0.27	1	8.11831748560747e25	7.448446305032505e-14
1.	-0.26	1	8.018800148680695e25	7.584734937804674e-14
1.	-0.25	1	7.91532742463882e25	7.73295092665405e-14
1.	-0.24	1	7.807630876805733e25	7.894592280803753e-14
1.	-0.22999999999999998	1	7.695414190841087e25	8.071417682287812e-14
1.	-0.21999999999999997	1	7.578349043116597e25	8.265505735105702e-14
1.	-0.20999999999999996	1	7.456070141754734e25	8.479331142977497e-14
1.	-0.19999999999999996	1	7.328169226011941e25	8.715863740727788e-14
1.	-0.18999999999999995	1	7.19418774019127e25	8.978698799076758e-14
1.	-0.17999999999999994	1	7.053607801226459e25	9.272230764742148e-14
1.	-0.16999999999999993	1	6.905840941369236e25	9.601888321006748e-14
1.	-0.15999999999999992	1	6.7502139084897555e25	9.974457596485605e-14
1.	-0.1499999999999999	1	6.5859505134522425e25	1.0398534657954756e-13
1.	-0.1399999999999999	1	6.412148072761388e25	1.0885171929313271e-13
1.	-0.1299999999999999	1	6.2277463137253486e25	1.1448822958490622e-13
1.	-0.11999999999999988	1	6.031485529065124e25	1.2108759568657215e-13
1.	-0.10999999999999988	1	5.8218489991405184e25	1.2891262001998089e-13
1.	-0.09999999999999987	1	5.59698169727645e25	1.3833123150924257e-13
1.	-0.09000000000000008	1	5.354571977167422e25	1.4987488944826194e-13
1.	-0.08000000000000007	1	5.091673049583916e25	1.643407902858872e-13
1.	-0.07000000000000006	1	4.8044215253706725e25	1.8298168024778037e-13
1.	-0.06000000000000005	1	4.487568838128906e25	2.0788548060643874e-13
1.	-0.050000000000000044	1	4.1336449326155755e25	2.428104633092954e-13
1.	-0.040000000000000036	1	3.731321131524697e25	2.95273190094997e-13
1.	-0.030000000000000027	1	3.261761516672922e25	3.828123299086458e-13
1.	-0.020000000000000018	1	2.6887030382151324e25	5.580439286703475e-13
1.	-0.010000000000000009	1	1.9197488843418738e25	1.0840482978786673e-12
1.	0.	1	6.784133274405858e21	8.59505486382212e-6
1.	0.010000000000000009	1	8.640415472643376e14	5.403606801976801e8
1.	0.020000000000000018	1	4.487476186920171e14	2.0414590489876354e9
1.	0.030000000000000027	1	3.103217317147164e14	4.347227703747106e9
1.	0.040000000000000036	1	2.411128500431987e14	7.328389666470324e9
1.	0.050000000000000044	1	1.9959076623841066e14	1.0877282011449005e10
1.	0.06000000000000005	1	1.7191207767077334e14	1.4903798778078783e10
1.	0.07000000000000006	1	1.5214389737154247e14	1.933218577168031e10
1.	0.08000000000000007	1	1.3731978174567672e14	2.4098489574063404e10
1.	0.09000000000000008	1	1.2579170647615212e14	2.914851317310382e10
1.	0.10000000000000009	1	1.1657085688570934e14	3.4436166994058495e10
1.	0.1100000000000001	1	1.0902798719221267e14	3.992213079679212e10
1.	0.1200000000000001	1	1.0274360013634689e14	4.557276166039625e10
1.	0.13000000000000012	1	9.742727447346939e13	5.13591980367635e10
1.	0.14000000000000012	1	9.287156639753989e13	5.725662097362746e10
1.	0.15000000000000013	1	8.892435039549094e13	6.324364204954596e10
1.	0.16000000000000014	1	8.547153228122095e13	6.930179402040326e10
1.	0.16999999999999993	1	8.242586351171839e13	7.541510515058327e10
1.	0.17999999999999994	1	7.971948406448681e13	8.156974205831917e10
1.	0.18999999999999995	1	7.729882019579284e13	8.77537089136426e10
1.	0.19999999999999996	1	7.512101287144728e13	9.395659318911095e10
1.	0.20999999999999996	1	7.315136664594219e13	1.0016935002779462e11
1.	0.21999999999999997	1	7.136149430183017e13	1.063841187726034e11
1.	0.22999999999999998	1	6.972794549622842e13	1.1259406638135059e11
1.	0.24	1	6.8231178245702664e13	1.1879325339815703e11
1.	0.25	1	6.68547772547842e13	1.2497651891387804e11
1.	0.26	1	6.558485263021874e13	1.3113938156477606e11
1.	0.27	1	6.440957221427561e13	1.3727795411959105e11
1.	0.28	1	6.331879413235192e13	1.4338886961383182e11
1.	0.29000000000000004	1	6.230377536521422e13	1.494692173248253e11
1.	0.30000000000000004	1	6.13569386067952e13	1.5551648715623566e11
1.	0.31000000000000005	1	6.047168424629105e13	1.6152852122781198e11
1.	0.32000000000000006	1	5.96422376036184e13	1.6750347165410907e11
1.	0.33000000000000007	1	5.8863523940245336e13	1.7343976365209412e11
1.	0.3400000000000001	1	5.813106552693698e13	1.7933606324769873e11
1.	0.3500000000000001	1	5.744089635703247e13	1.8519124896018274e11
1.	0.3600000000000001	1	5.678949107416775e13	1.9100438693446497e11
1.	0.3700000000000001	1	5.617370542528719e13	1.9677470906780673e11
1.	0.3800000000000001	1	5.559072611569349e13	2.025015937435068e11
1.	0.3900000000000001	1	5.503802837935107e13	2.0818454883226437e11
1.	0.40000000000000013	1	5.451333991082516e13	2.1382319669970352e11
1.	0.41000000000000014	1	5.4014610081646914e13	2.194172609029878e11
1.	0.41999999999999993	1	5.3539983547117805e13	2.2496655446689804e11
1.	0.42999999999999994	1	5.308777754004654e13	2.304709694628343e11
1.	0.43999999999999995	1	5.265646226122861e13	2.3593046775845673e11
1.	0.44999999999999996	1	5.224464388094109e13	2.4134507283405093e11
1.	0.45999999999999996	1	5.185104976211609e13	2.467148624703513e11
1.	0.47	1	5.147451556628145e13	2.5203996227613986e11
1.	0.48	1	5.111397397366268e13	2.5732053990493088e11
1.	0.49	1	5.076844478276045e13	2.6255679991968777e11
1.	0.5	0	0	0
1.	0.5100000000000002	0	0	0
1.	0.52	0	0	0
1.	0.5300000000000002	0	0	0
1.	0.54	0	0	0
1.	0.5499999999999998	0	0	0
1.	0.56	0	0	0
1.	0.5699999999999998	0	0	0
1.	0.5800000000000001	0	0	0
1.	0.5899999999999999	0	0	0
1.	0.6000000000000001	0	0	0
1.	0.6099999999999999	0	0	0
1.	0.6200000000000001	0	0	0
1.	0.6299999999999999	0	0	0
1.	0.6400000000000001	0	0	0
1.	0.6499999999999999	0	0	0
1.	0.6600000000000001	0	0	0
1.	0.6699999999999999	0	0	0
1.	0.6800000000000002	0	0	0
1.	0.69	0	0	0
1.	0.7000000000000002	0	0	0
1.	0.71	0	0	0
1.	0.7200000000000002	0	0	0
1.	0.73	0	0	0
1.	0.7400000000000002	0	0	0
1.	0.75	0	0	0
1.	0.7600000000000002	0	0	0
1.	0.77	0	0	0
1.	0.7800000000000002	0	0	0
1.	0.79	0	0	0
1.	0.8000000000000003	0	0	0
1.	0.81	0	0	0
1.	0.8199999999999998	0	0	0
1.	0.8300000000000001	0	0	0
1.	0.8399999999999999	0	0	0
1.	0.8500000000000001	0	0	0
1.	0.8599999999999999	0	0	0
1.	0.8700000000000001	0	0	0
1.	0.8799999999999999	0	0	0
1.	0.8900000000000001	0	0	0
1.	0.8999999999999999	0	0	0
1.	0.9100000000000001	0	0	0
1.	0.9199999999999999	0	0	0
1.	0.9300000000000002	0	0	0
1.	0.94	0	0	0
1.	0.9500000000000002	0	0	0
1.	0.96	0	0	0
1.	0.9700000000000002	0	0	0
1.	0.98	0	0	0
1.	0.9900000000000002	0	0	0
1.	1.	0	0	0